# WELL TRACE FROM PETREL 
# WELL NAME:              1-RJS-529D-RJS
# DEFINITIVE SURVEY:      Explicit survey 1
# WELL HEAD X-COORDINATE: 287060.94877000 (m)
# WELL HEAD Y-COORDINATE: 7396641.86543039 (m)
# WELL DATUM (KB, Kelly bushing, from MSL): 12.00000000 (m)
# WELL TYPE:              OIL, PLUGGED AND ABANDONED
# MD AND TVD ARE REFERENCED (=0) AT WELL DATUM AND INCREASE DOWNWARDS
# ANGLES ARE GIVEN IN DEGREES
# XYZ TRACE IS GIVEN IN COORDINATE SYSTEM BRAZIL SIRGAS 2000 (WGS84) UTM24S CM 39W (Brazil SIRGAS 2000 (WGS84) UTM24S Lon range 42W - 36W) [Chevron,720787]
# AZIM_TN: azimuth in True North 
# AZIM_GN: azimuth in Grid North 
# DX DY ARE GIVEN IN GRID NORTH IN m-UNITS
# DEPTH (Z, tvd_z) GIVEN IN m-UNITS
#===============================================================================================================================================
      MD            X            Y            Z           TVD           DX          DY        AZIM_TN        INCL         DLS        AZIM_GN
#===============================================================================================================================================
 0.0000000000 287060.94877 7396641.8654 12.000000000 0.0000000000 -0.000000005 -0.000000002 0.8328683012 0.0000000000 0.0000000000 0.0000000000
 1238.0000000 287060.94877 7396641.8654 -1226.000000 1238.0000000 -0.000000005 -0.000000002 30.932871428 0.0000000000 0.0000000000 30.100003126
 1613.0000000 287062.09777 7396643.8476 -1600.990671 1612.9906712 1.1490028190 1.9821336083 30.932871428 0.6999999946 0.0559999996 30.100003126
 1642.0000000 287062.40269 7396644.1764 -1629.987108 1641.9871085 1.4539171004 2.3110037372 51.732871244 1.1000000448 0.5278507539 50.900002942
 1681.0000000 287063.47539 7396644.3812 -1668.970482 1680.9704816 2.5266150869 2.5157381054 93.132873921 2.3000000355 1.2649470737 92.300005620
 1710.0000000 287064.75395 7396644.2311 -1697.941765 1709.9417653 3.8051812339 2.3657098990 101.13287414 2.7999999783 0.6337130927 100.30000584
 1739.0000000 287066.25017 7396643.8632 -1726.900682 1738.9006817 5.3013956815 1.9977493063 107.63287432 3.2999999211 0.6281286954 106.80000602
 1768.0000000 287068.04554 7396643.2534 -1755.838331 1767.8383309 7.0967709015 1.3879599161 111.13287442 4.1999998607 0.9602489028 110.30000612
 1797.0000000 287070.15459 7396642.4010 -1784.748847 1796.7488475 9.2058211251 0.5355708096 114.33287146 4.7999999628 0.6726046701 113.50000316
 1825.0000000 287072.38311 7396641.2486 -1812.635935 1824.6359351 11.434340061 -0.616837991 121.53287624 5.5000000108 1.0193976402 120.70000794
 1854.0000000 287074.88288 7396639.6722 -1841.484792 1853.4847916 13.934114559 -2.193253559 124.43287784 6.1999996318 0.7858240419 123.60000954
 1883.0000000 287077.82092 7396637.7527 -1870.270888 1882.2708879 16.872152490 -4.112707440 123.63286714 7.7000001004 1.5549152129 122.79999884
 1913.0000000 287081.71751 7396635.4304 -1899.924419 1911.9244192 20.768736794 -6.435040756 120.03286857 9.6999998715 2.0718444486 119.20000027
 1943.0000000 287086.63140 7396632.6467 -1929.386151 1941.3861510 25.682634543 -9.218748936 120.63287469 12.000000334 2.3027411468 119.80000639
 1972.0000000 287092.42425 7396629.3364 -1957.605917 1969.6059173 31.475478005 -12.52898792 120.53286858 14.600000634 2.6897597895 119.70000028
 2000.0000000 287098.94036 7396625.3386 -1984.539807 1996.5398070 37.991594833 -16.52687098 123.93286257 17.100000134 2.8562855204 123.09999427
 2029.0000000 287106.35725 7396620.2675 -2012.111738 2024.1117377 45.408475720 -21.59791521 126.33287179 18.999999960 2.1103036230 125.50000349
 2058.0000000 287114.34047 7396614.3033 -2039.344267 2051.3442670 53.391703472 -27.56208925 128.73287339 21.200000476 2.4300938001 127.90000509
 2086.0000000 287122.44658 7396607.7192 -2065.323521 2077.3235206 61.497810310 -34.14620886 131.03286887 22.599999718 1.7589508741 130.20000057
 2116.0000000 287131.30359 7396599.9314 -2092.907984 2104.9079836 70.354822935 -41.93404883 133.23286588 23.699999976 1.3991373686 132.39999758
 2145.0000000 287139.98430 7396591.7748 -2119.348967 2131.3489666 79.035534107 -50.09063779 134.83287203 24.799998527 1.3254359542 134.00000373
 2173.0000000 287148.50236 7396583.4316 -2144.683993 2156.6839931 87.553594756 -58.43386440 135.63287510 25.599999802 0.9315874455 134.80000680
 2203.0000000 287157.70335 7396574.0991 -2171.670791 2183.6707912 96.754581224 -67.76632944 136.83287209 26.200001184 0.7966829100 136.00000378
 2231.0000000 287166.33566 7396565.0649 -2196.728884 2208.7288844 105.38688866 -76.80051299 137.43287821 26.799999152 0.7039401790 136.60000990
 2260.0000000 287175.57666 7396555.4652 -2222.486910 2234.4869097 114.62789059 -86.40021751 136.43287818 27.899999410 1.2331574055 135.60000988
 2270.0000000 287178.87212 7396552.0881 -2231.304039 2243.3040387 117.92334861 -89.77729283 136.63287513 28.399999993 1.5264746669 135.80000683
 2299.0000000 287188.68662 7396542.0493 -2256.679894 2268.6798936 127.73785062 -99.81612324 136.33287207 29.500000252 1.1478009398 135.50000377
 2332.0000000 287200.38605 7396530.2705 -2285.200318 2297.2003182 139.43727975 -111.5949137 135.73286595 30.900001201 1.3019532975 134.89999765
 2358.0000000 287210.04040 7396520.4932 -2307.272588 2319.2725880 149.09163151 -121.3722372 136.63287513 32.900000119 2.3719850433 135.80000683
 2387.0000000 287221.04898 7396508.9298 -2331.483137 2343.4831366 160.10021442 -132.9355835 137.83287211 33.900001285 1.2397676403 137.00000381
 2425.0000000 287235.65146 7396493.4887 -2362.986708 2374.9867083 174.70268993 -148.3766880 137.03286904 34.099999469 0.3868605752 136.20000074
 2454.0000000 287246.76998 7396481.8543 -2387.113189 2399.1131895 185.82121333 -160.0111134 137.23286599 33.299999902 0.8355082901 136.39999769
 2493.0000000 287261.46462 7396466.3153 -2419.728385 2431.7283854 200.51585466 -175.5500901 137.63287516 33.199999102 0.1854184514 136.80000686
 2522.0000000 287272.41686 7396454.8144 -2443.994669 2455.9946690 211.46809124 -187.0510516 136.83287209 33.199999102 0.4531549242 136.00000378
 2550.0000000 287283.00724 7396443.8668 -2467.490671 2479.4906711 222.05846733 -197.9986791 136.73286598 32.700001934 0.5388718271 135.89999768
 2571.0000000 287290.95363 7396435.7240 -2485.142582 2497.1425816 230.00485617 -206.1414752 136.33287207 32.900000119 0.4212444269 135.50000377
 2599.0000000 287301.43286 7396425.0419 -2508.809482 2520.8094820 240.48408515 -216.8235171 136.43287818 31.700000768 1.2869874168 135.60000988
 2628.0000000 287312.04639 7396414.3155 -2533.575538 2545.5755383 251.09762262 -227.5498892 135.83287206 30.999998586 0.7928731420 135.00000376
 2657.0000000 287322.65210 7396403.6726 -2558.381059 2570.3810586 261.70333239 -238.1928735 136.03286901 31.399998369 0.4274469364 135.20000071
 2679.0000000 287330.79490 7396395.4871 -2577.108926 2589.1089264 269.84612527 -246.3782935 135.93287816 31.899998952 0.6855624390 135.10000986
 2702.0000000 287339.33644 7396386.8859 -2596.656454 2608.6564540 278.38767281 -254.9795767 136.13287512 31.700000768 0.2948695261 135.30000682
 2744.0000000 287354.70689 7396371.2183 -2632.467330 2644.4673305 293.75811518 -270.6471612 136.63287513 31.299997570 0.3412543939 135.80000683
 2759.0000000 287360.14841 7396365.6226 -2645.277406 2657.2774062 299.19963887 -276.2427881 136.63287513 31.399998369 0.2000015993 135.80000683
 2786.0000000 287370.00808 7396355.5015 -2668.286346 2680.2863462 309.05930593 -286.3639155 136.53286903 31.700000768 0.3383685323 135.70000072
 2815.0000000 287380.71811 7396344.5073 -2692.893066 2704.8930659 319.76934080 -297.3581758 136.63287513 32.200001351 0.5201309707 135.80000683
 2834.0000000 287387.85428 7396337.2837 -2708.953126 2720.9531264 326.90550896 -304.5817301 135.73286595 32.400002951 0.8223894899 134.89999765
 2863.0000000 287398.86292 7396326.3135 -2733.438635 2745.4386355 337.91414808 -315.5519720 135.73286595 32.400002951 0.0000000000 134.89999765
 2891.0000000 287409.49573 7396315.7546 -2757.092905 2769.0929048 348.54696304 -326.1108287 135.53286900 32.299998736 0.1569315705 134.70000070
 2920.0000000 287420.52538 7396304.8968 -2781.619024 2793.6190244 359.57660977 -336.9686093 135.23286594 32.200001351 0.1952595539 134.39999764
 2949.0000000 287431.53756 7396294.1129 -2806.185548 2818.1855475 370.58878953 -347.7524927 135.23286594 31.999999752 0.2068982061 134.39999764
 2978.0000000 287442.46074 7396283.4532 -2830.845691 2842.8456909 381.51197426 -358.4122048 135.03286898 31.499999169 0.5285747939 134.20000068
 3008.0000000 287453.59446 7396272.6074 -2856.506503 2868.5065031 392.64569445 -369.2579910 135.13287509 30.900001201 0.6022301745 134.30000679
 3036.0000000 287463.80755 7396262.6925 -2880.619573 2892.6195727 402.85878069 -379.1729574 134.83287203 30.200002434 0.7675858341 134.00000373
 3065.0000000 287474.27995 7396252.5970 -2905.708952 2917.7089524 413.33117554 -389.2683976 134.73286592 30.000000835 0.2133043533 133.89999762
 3094.0000000 287484.75737 7396242.6020 -2930.836370 2942.8363696 423.80860033 -399.2634537 134.23286591 29.900000035 0.2781794486 133.39999761
 3123.0000000 287495.22925 7396232.6646 -2955.988984 2967.9889844 434.28048436 -409.2008068 134.43287812 29.799999236 0.1459712888 133.60000982
 3152.0000000 287505.67040 7396222.7908 -2981.179311 2993.1793106 444.72163257 -419.0746799 134.03286896 29.600001051 0.2912711687 133.20000065
 3180.0000000 287515.69921 7396213.3567 -3005.561267 3017.5612666 454.75044127 -428.5087237 134.13287506 29.299998652 0.3257195899 133.30000676
 3209.0000000 287525.99066 7396203.7424 -3030.912917 3042.9129172 465.04189112 -438.1230793 133.63287505 28.799998069 0.5749914356 132.80000675
 3239.0000000 287536.46177 7396194.0124 -3057.289755 3069.2897546 475.51299617 -447.8530030 133.83287200 28.100001010 0.7064504892 133.00000370
 3261.0000000 287543.94811 7396187.0434 -3076.768257 3088.7682572 482.99933887 -454.8220555 133.73286590 27.299999735 1.0927507183 132.89999759
 3297.0000000 287555.89228 7396175.9250 -3108.858544 3120.8585444 494.94351003 -465.9404165 133.83287200 26.600000968 0.5845536170 133.00000370
 3326.0000000 287565.33028 7396167.1697 -3134.845357 3146.8453571 504.38150783 -474.6957717 133.53286894 26.100000385 0.5352685569 132.70000064
 3355.0000000 287574.64654 7396158.6175 -3160.943506 3172.9435055 513.69776874 -483.2478816 133.23286588 25.599999802 0.5346478199 132.39999758
 3384.0000000 287583.76138 7396150.2513 -3187.172553 3199.1725526 522.81261209 -491.6141287 133.53286894 24.899999327 0.7361378850 132.70000064
 3412.0000000 287592.31326 7396142.4275 -3212.661357 3224.6613570 531.36449142 -499.4379074 133.03286893 24.000000668 0.9894408193 132.20000063
 3441.0000000 287600.93259 7396134.6120 -3239.225569 3251.2255692 539.98382224 -507.2533979 133.03286893 23.299998485 0.7241401887 132.20000063
 3492.0000000 287615.48411 7396121.4176 -3286.291160 3298.2911596 554.53534093 -520.4478381 133.03286893 22.000000043 0.7647049662 132.20000063
 3528.0000000 287625.41420 7396112.5069 -3319.728239 3331.7282394 564.46542649 -529.3585730 132.43287807 21.499999460 0.4559978934 131.60000977
 3557.0000000 287633.32123 7396105.4373 -3346.719625 3358.7196252 572.37245941 -536.4281279 132.83287197 21.399998660 0.1832988093 132.00000367
 3585.0000000 287640.87882 7396098.5605 -3372.789220 3384.7892200 579.93004850 -543.3049673 133.43287809 21.399998660 0.2345650966 132.60000979
 3595.0000000 287643.57796 7396096.1044 -3382.099790 3394.0997895 582.62918745 -545.7609812 132.83287197 21.399998660 0.6567822705 132.00000367
 3612.0000000 287648.18835 7396091.9533 -3397.927739 3409.9277386 587.23957988 -549.9121737 132.83287197 21.399998660 0.0000000000 132.00000367
