# WELL TRACE FROM PETREL 
# WELL NAME:              3-PPT-002-RJS
# DEFINITIVE SURVEY:      Explicit survey 1
# WELL HEAD X-COORDINATE: 284079.61877276 (m)
# WELL HEAD Y-COORDINATE: 7400218.74883066 (m)
# WELL DATUM (KB, Kelly bushing, from MSL): 17.00000000 (m)
# WELL TYPE:              INJECTION GAS
# MD AND TVD ARE REFERENCED (=0) AT WELL DATUM AND INCREASE DOWNWARDS
# ANGLES ARE GIVEN IN DEGREES
# XYZ TRACE IS GIVEN IN COORDINATE SYSTEM BRAZIL SIRGAS 2000 (WGS84) UTM24S CM 39W (Brazil SIRGAS 2000 (WGS84) UTM24S Lon range 42W - 36W) [Chevron,720787]
# AZIM_TN: azimuth in True North 
# AZIM_GN: azimuth in Grid North 
# DX DY ARE GIVEN IN GRID NORTH IN m-UNITS
# DEPTH (Z, tvd_z) GIVEN IN m-UNITS
#===============================================================================================================================================
      MD            X            Y            Z           TVD           DX          DY        AZIM_TN        INCL         DLS        AZIM_GN
#===============================================================================================================================================
 0.0000000000 284079.61877 7400218.7488 17.000000000 0.0000000000 0.0000000011 -0.000000002 0.8432197739 0.0000000000 0.0000000000 0.0000000000
 687.00000000 284079.61877 7400218.7488 -670.0000000 687.00000000 0.0000000011 -0.000000002 0.8432197739 0.0000000000 0.0000000000 0.0000000000
 722.00000000 284079.41326 7400218.7957 -704.9991540 721.99915401 -0.205512291 0.0468421653 283.68322398 0.6900000107 0.5914285806 282.84000421
 741.00000000 284079.24061 7400218.8269 -723.9983185 740.99831849 -0.378158571 0.0780768963 276.27322011 0.3699999918 0.5156758381 275.43000034
 772.00000000 284079.04181 7400218.7930 -754.9976476 771.99764763 -0.576967426 0.0441519562 247.20322724 0.3999999969 0.1891125696 246.36000747
 797.00000000 284078.89610 7400218.6911 -779.9970073 796.99700727 -0.722676862 -0.057780500 225.33323151 0.4300000020 0.1922127489 224.49001174
 825.00000000 284078.73248 7400218.5487 -807.9961657 824.99616566 -0.886289208 -0.200149935 234.00322992 0.4600000071 0.0788825338 233.16001015
 877.00000000 284078.41659 7400218.3195 -859.9946991 876.99469914 -1.202178841 -0.429328200 235.89322937 0.3999999969 0.0355648348 235.05000959
 904.00000000 284078.27773 7400218.2107 -886.9941213 903.99412131 -1.341044715 -0.538175392 229.16323345 0.3499999973 0.0739480242 228.32001368
 930.00000000 284078.15211 7400218.1141 -912.9936379 929.99363789 -1.466666591 -0.634725270 237.43322270 0.3499999973 0.0582396171 236.59000292
 955.00000000 284078.01640 7400218.0354 -937.9931453 954.99314532 -1.602372216 -0.713392544 243.87321006 0.3699999918 0.0541238438 243.02999028
 982.00000000 284077.88264 7400217.9490 -964.9926727 981.99267269 -1.736128212 -0.799797894 230.94323228 0.3100000083 0.1078209497 230.10001251
 1009.0000000 284077.76016 7400217.8533 -991.9922246 1008.9922246 -1.858612629 -0.895534794 234.50322994 0.3499999973 0.0499225852 233.66001016
 1035.0000000 284077.63292 7400217.7621 -1017.991753 1034.9917533 -1.985856209 -0.986767626 235.92322815 0.3400000134 0.0151803496 235.08000837
 1062.0000000 284077.53038 7400217.6907 -1044.991457 1061.9914568 -2.088392899 -1.058084540 236.20324219 0.1900000012 0.1666723946 235.36002242
 1088.0000000 284077.45607 7400217.6427 -1070.991306 1087.9913063 -2.162701351 -1.106084167 239.67322825 0.1999999985 0.0178505136 238.83000848
 1115.0000000 284077.37887 7400217.5974 -1097.991158 1114.9911577 -2.239904936 -1.151444078 241.22323135 0.1800000039 0.0229423471 240.38001157
 1145.0000000 284077.32945 7400217.5989 -1127.991098 1144.9910982 -2.289325027 -1.149954271 342.02322194 0.0999999992 0.2216882747 341.18000217
 1168.0000000 284077.30730 7400217.6089 -1150.991079 1167.9910791 -2.311474595 -1.139939921 241.01322463 0.0900000020 0.1914222636 240.17000485
 1195.0000000 284077.25828 7400217.5994 -1177.991031 1194.9910312 -2.360490781 -1.149410251 272.86321636 0.1299999910 0.0795300431 272.01999658
 1222.0000000 284077.21349 7400217.5817 -1204.990984 1221.9909841 -2.405280213 -1.167158523 217.81322703 0.0999999992 0.1217444574 216.97000726
 1249.0000000 284077.18595 7400217.5674 -1231.990963 1248.9909629 -2.432826099 -1.181394898 289.79324002 0.0599999969 0.1104860836 288.95002025
 1275.0000000 284077.15369 7400217.5527 -1257.990935 1274.9909350 -2.465087268 -1.196100940 226.22323093 0.1199999937 0.1242221220 225.38001115
 1329.0000000 284077.07694 7400217.5035 -1311.990855 1328.9908551 -2.541827800 -1.245351321 256.21323726 0.0799999980 0.0358780305 255.37001748
 1355.0000000 284077.05770 7400217.5078 -1337.990845 1354.9908449 -2.561071357 -1.241015787 350.19323560 0.0399999990 0.1060296798 349.35001583
 1382.0000000 284077.03497 7400217.5140 -1364.990831 1381.9908314 -2.583800772 -1.234813438 262.54323926 0.0900000020 0.1077535573 261.70001949
 1410.0000000 284076.99180 7400217.5159 -1392.990798 1409.9907976 -2.626973129 -1.232939809 284.11321667 0.0900000020 0.0360881773 283.26999690
 1437.0000000 284076.96412 7400217.5200 -1419.990782 1436.9907818 -2.654649303 -1.228791973 264.99322102 0.0299999984 0.0693701218 264.15000125
 1462.0000000 284076.95346 7400217.5070 -1444.990775 1461.9907751 -2.665313422 -1.241875618 199.33323079 0.0599999969 0.0659045519 198.49001102
 1487.0000000 284076.94653 7400217.4817 -1469.990761 1486.9907615 -2.672243384 -1.267086224 193.09322512 0.0599999969 0.0078375458 192.25000535
 1515.0000000 284076.95005 7400217.4464 -1497.990738 1514.9907382 -2.668725952 -1.302388092 163.30323101 0.0900000020 0.0516868010 162.46001123
 1541.0000000 284076.96707 7400217.4097 -1523.990706 1540.9907064 -2.651699399 -1.339152646 148.68322023 0.0900000020 0.0264263060 147.84000045
 1568.0000000 284076.98232 7400217.3637 -1550.990662 1567.9906621 -2.636449753 -1.385108476 172.79322151 0.1199999937 0.0586296086 171.95000173
 1595.0000000 284076.98480 7400217.3217 -1577.990628 1594.9906278 -2.633972507 -1.427170786 186.86322922 0.0599999969 0.0705534367 186.02000945
 1622.0000000 284076.98249 7400217.2982 -1604.990617 1621.9906174 -2.636280261 -1.450622739 185.86322920 0.0399999990 0.0222425179 185.02000942
 1675.0000000 284076.97777 7400217.2615 -1657.990605 1674.9906045 -2.640997990 -1.487297964 190.48322444 0.0399999990 0.0018251836 189.64000467
 1700.0000000 284076.97680 7400217.2464 -1682.990600 1699.9905999 -2.641973324 -1.502430948 176.58323016 0.0299999984 0.0156589832 175.74001038
 1728.0000000 284076.97820 7400217.2245 -1710.990591 1727.9905909 -2.640571854 -1.524380650 177.49321859 0.0599999969 0.0321509622 176.64999881
 1808.0000000 284077.58987 7400220.1141 -1790.916857 1807.9168569 -2.028900030 1.3652917957 12.583219872 4.2899999828 1.6304846512 11.740000098
 1835.0000000 284078.21751 7400222.3091 -1817.819615 1834.8196148 -1.401263233 3.5602893597 20.133221226 5.4299999633 1.4497990027 19.290001452
 1847.0000000 284078.62428 7400223.4128 -1829.761818 1846.7618181 -0.994495806 4.6639809599 21.953220972 5.8199999229 1.0720383869 21.110001198
 1860.0000000 284079.15636 7400224.6726 -1842.689662 1859.6896624 -0.462413981 5.9237410529 25.403219923 6.2600002823 1.3159293209 24.560000149
 1886.0000000 284080.61305 7400227.4131 -1868.503146 1885.5031464 0.9942780830 8.6643031100 31.713219565 7.4699994566 1.6431722801 30.869999791
 1901.0000000 284081.73565 7400229.2007 -1883.353621 1900.3536207 2.1168750481 10.451859382 34.053219783 8.7099998098 2.5654589888 33.210000009
 1912.0000000 284082.71784 7400230.6678 -1894.210900 1911.2109002 3.0990712374 11.918959786 35.173222560 9.7600005220 2.9051592500 34.330002786
 1926.0000000 284084.13680 7400232.7378 -1907.983974 1924.9839744 4.5180235886 13.988950052 35.363221192 10.890000679 2.4225249494 34.520001418
 1937.0000000 284085.31123 7400234.4504 -1918.786246 1935.7862458 5.6924564458 15.701594817 35.203221340 10.870000177 0.0987891385 34.360001567
 1955.0000000 284087.22142 7400237.2459 -1936.465056 1953.4650565 7.6026425603 18.497099002 35.173222560 10.810000381 0.1004407657 34.330002786
 1966.0000000 284088.37176 7400238.9780 -1947.266801 1964.2668010 8.7529903121 20.229210445 33.703221299 10.979999520 0.8883066270 32.860001525
 1982.0000000 284090.01482 7400241.6257 -1962.960467 1979.9604666 10.396048790 22.876849851 31.673218648 11.479999249 1.1950096386 30.829998874
 1992.0000000 284091.02716 7400243.3663 -1972.755700 1989.7556998 11.408390100 24.617437071 30.393221741 11.750000042 1.1196955389 29.550001967
 2009.0000000 284092.70626 7400246.4469 -1989.389783 2006.3897831 13.087488134 27.698080610 28.503220391 12.069999528 0.8902544797 27.660000617
 2019.0000000 284093.69948 7400248.3087 -1999.164681 2016.1646807 14.080702766 29.559871741 29.333220338 12.289999921 0.8435439943 28.490000564
 2036.0000000 284095.52380 7400251.5224 -2015.758205 2032.7582051 15.905027340 32.773583385 31.473221694 12.819999549 1.2443105711 30.630001920
 2045.0000000 284096.56353 7400253.2420 -2024.531065 2041.5310653 16.944760181 34.493215498 32.523222868 12.979999291 0.9460195780 31.680003094
 2062.0000000 284098.64395 7400256.5251 -2041.080883 2058.0808828 19.025172293 37.776267159 33.863221151 13.449999976 0.9899768798 33.020001377
 2073.0000000 284100.03302 7400258.6620 -2051.781638 2068.7816382 20.414248278 39.913215335 33.873219472 13.339999779 0.3000670355 33.029999698
 2089.0000000 284102.06749 7400261.7399 -2067.350587 2084.3505866 22.448720260 42.991086395 34.743222243 13.319999278 0.3779624524 33.900002469
 2100.0000000 284103.48727 7400263.8397 -2078.054672 2095.0546719 23.868500704 45.090853966 35.073220269 13.319999278 0.2073489610 34.230000495
 2116.0000000 284105.57901 7400266.8922 -2093.621026 2110.6210264 25.960234649 48.143386521 35.453221347 13.420000077 0.2496027157 34.610001573
 2125.0000000 284106.76452 7400268.6059 -2102.376555 2119.3765547 27.145749407 49.857093991 35.583222419 13.350000030 0.2539831827 34.740002645
 2143.0000000 284109.14900 7400272.0258 -2119.887249 2136.8872488 29.530228631 53.277016248 35.873219528 13.430000328 0.1740853862 35.029999754
 2152.0000000 284110.35316 7400273.7152 -2128.644959 2145.6449593 30.734391745 54.966344457 36.783219401 13.220000186 0.9892974927 35.939999627
 2170.0000000 284112.77468 7400276.9820 -2146.179736 2163.1797356 33.155902686 58.233175599 38.013218977 12.890000450 0.7189498073 37.169999203
 2179.0000000 284113.99055 7400278.5695 -2154.954862 2171.9548623 34.371780358 59.820671315 38.573220366 12.779999399 0.5535285797 37.730000592
 2196.0000000 284116.28188 7400281.4953 -2171.543817 2188.5438166 36.663105140 62.746489258 39.253220690 12.470000165 0.6066739365 38.410000916
 2206.0000000 284117.62843 7400283.1684 -2181.310545 2198.3105450 38.009654626 64.419602818 40.093220866 12.330000070 0.6849898739 39.250001092
 2223.0000000 284119.92611 7400285.9383 -2197.925364 2214.9253640 40.307336301 67.189513150 40.953221500 12.109999677 0.5038935176 40.110001727
 2232.0000000 284121.12714 7400287.3836 -2206.727060 2223.7270602 41.508372066 68.634785970 40.183221021 11.990000083 0.6686573530 39.340001247
 2249.0000000 284123.25944 7400290.1087 -2223.371207 2240.3712075 43.640667761 71.359852884 37.533219422 11.499999751 1.2858212040 36.689999648
 2259.0000000 284124.40608 7400291.7113 -2233.175164 2250.1751642 44.787306314 72.962455988 35.293221496 11.229999812 1.5521696784 34.450001722
 2285.0000000 284127.10611 7400295.8303 -2258.704391 2275.7043914 47.487336758 77.081501587 32.813218070 10.609999635 0.8974151120 31.969998296
 2311.0000000 284129.55643 7400299.7504 -2284.290079 2301.2900789 49.937659527 81.001529313 32.893219903 9.8699998648 0.8540033632 32.050000129
 2338.0000000 284132.08100 7400303.6211 -2310.891758 2327.8917579 52.462225284 84.872223193 35.023221030 9.8399999665 0.4064140194 34.180001256
 2365.0000000 284134.81741 7400307.3892 -2337.487114 2354.4871143 55.198637972 88.640372998 38.603219146 10.029999607 0.7178920420 37.759999372
 2392.0000000 284137.75963 7400311.0456 -2364.076197 2381.0761970 58.140859758 92.296762566 40.733220274 9.9899994584 0.4137446020 39.890000500
 2418.0000000 284140.56608 7400314.4652 -2389.697160 2406.6971597 60.947309661 95.716385461 39.683221007 9.5999999256 0.4949378135 38.840001233
 2443.0000000 284143.05418 7400317.6621 -2414.366755 2431.3667552 63.435405867 98.913230157 37.733220190 9.0499997965 0.7610687050 36.890000416
 2472.0000000 284145.81690 7400321.3242 -2443.001753 2460.0017534 66.198125767 102.57538658 38.013218977 9.1499997424 0.1131376348 37.169999203
 2500.0000000 284148.51433 7400324.8677 -2470.645466 2487.6454658 68.895554199 106.11882870 38.233220204 9.1499997424 0.0374833977 37.390000430
 2526.0000000 284150.87287 7400328.2963 -2496.310091 2513.3100908 71.254096086 109.54750168 32.543221419 9.2899998373 1.0638283190 31.700001645
 2552.0000000 284152.81810 7400332.0635 -2521.961513 2538.9615125 73.199322392 113.31467151 23.873221101 9.5299998782 1.6572605187 23.030001328
 2569.0000000 284153.90785 7400334.6432 -2538.729345 2555.7293448 74.289073065 115.89438277 23.613220865 9.4299999323 0.1919699620 22.770001091
 2578.0000000 284154.49394 7400336.0007 -2547.607087 2564.6070870 74.875164794 117.25190878 24.773220745 9.4799994783 0.6566776898 23.930000971
 2596.0000000 284155.79243 7400338.6714 -2565.360423 2582.3604229 76.173657002 119.92258311 28.763220627 9.5200004812 1.0993717267 27.920000853
 2606.0000000 284156.60079 7400340.1301 -2575.220412 2592.2204116 76.982015424 121.38127079 30.893217940 9.6800002238 1.1686770381 30.049998166
 2623.0000000 284158.08647 7400342.5685 -2591.978950 2608.9789497 78.467694449 123.81963237 33.503220530 9.6599997224 0.7744050862 32.660000756
 2632.0000000 284158.89328 7400343.8417 -2600.851866 2617.8518661 79.274502971 125.09289090 32.903222039 9.6199995733 0.3604765355 32.060002265
 2649.0000000 284160.33974 7400346.2780 -2617.614134 2634.6141337 80.720970191 127.52915844 30.173220514 9.5700000273 0.8077757602 29.330000740
 2658.0000000 284161.06713 7400347.5947 -2626.487577 2643.4875766 81.448356004 128.84584158 29.353220796 9.6699999731 0.5654604099 28.510001022
 2676.0000000 284162.44470 7400350.2788 -2644.232970 2661.2329702 82.825929570 131.53001900 26.663220187 9.6299998240 0.7544201313 25.820000413
 2685.0000000 284163.08210 7400351.6319 -2653.107857 2670.1078568 83.463327565 132.88308228 25.463221298 9.4999999798 0.7934235765 24.620001524
 2703.0000000 284164.35619 7400354.3384 -2670.857629 2687.8576291 84.737413715 135.58955190 26.633221407 9.6299998240 0.3897792555 25.790001633
 2713.0000000 284165.10786 7400355.8320 -2680.716885 2697.7168848 85.489085837 137.08313947 28.483219933 9.6199995733 0.9283989691 27.640000159
 2730.0000000 284166.47039 7400358.3114 -2697.479868 2714.4798675 86.851617696 139.56257352 30.793221370 9.5400001289 0.6929089047 29.950001596
 2739.0000000 284167.21847 7400359.6022 -2706.355399 2723.3553993 87.599700980 140.85334222 31.083220387 9.5400001289 0.1602108778 30.240000613
 2756.0000000 284168.65542 7400362.0228 -2723.120793 2740.1207926 89.036647293 143.27395809 31.993220259 9.5200004812 0.2682057125 31.150000485
 2765.0000000 284169.43931 7400363.2966 -2731.995676 2748.9956764 89.820539459 144.54779960 32.903222039 9.6099993226 0.5865511987 32.060002265
 2793.0000000 284172.02020 7400367.1901 -2759.603329 2776.6033288 92.401430693 148.44129826 35.863221206 9.5999999256 0.5292190585 35.020001432
 2818.0000000 284174.46918 7400370.5537 -2784.254758 2801.2547580 94.850411829 151.80487900 37.943219280 9.5600006303 0.4181363728 37.099999507
 2846.0000000 284177.28873 7400374.3281 -2811.855676 2828.8556762 97.669960236 155.57923284 37.273221093 9.8100000681 0.2938178347 36.430001319
 2874.0000000 284180.10949 7400378.1765 -2839.446268 2856.4462681 100.49072153 159.42766731 36.893220014 9.8100000681 0.0693696776 36.050000240
 2888.0000000 284181.51725 7400380.0937 -2853.242811 2870.2428113 101.89847572 161.34484131 37.373219570 9.7500002713 0.2169254525 36.529999796
 2900.0000000 284182.71454 7400381.7105 -2865.073007 2882.0730069 103.09576923 162.96170101 37.353219111 9.5500003796 0.5000699690 36.509999338
 2916.0000000 284184.28059 7400383.8065 -2880.857692 2897.8576923 104.66181912 165.05765850 37.873219584 9.2700001897 0.5486633276 37.029999810
 2927.0000000 284185.30415 7400385.1605 -2891.725906 2908.7259063 105.68537980 166.41166700 37.993222334 8.4799991659 2.1551386578 37.150002560
 2943.0000000 284186.63408 7400386.8949 -2907.575655 2924.5756553 107.01531094 168.14603624 38.713219760 7.2200000188 2.3696365851 37.869999986
 2953.0000000 284187.38019 7400387.8489 -2917.502036 2934.5020359 107.76141854 169.10002174 39.043221600 6.6899999642 1.5945064511 38.200001826
 2970.0000000 284188.48252 7400389.2598 -2934.407151 2951.4071512 108.86375022 170.51099409 38.593220824 5.4000000649 2.2779885549 37.750001050
 2980.0000000 284189.00850 7400389.9516 -2944.369241 2961.3692412 109.38973216 171.20280251 37.493222320 4.5700001727 2.5063428893 36.650002546
 3007.0000000 284189.90418 7400391.1697 -2971.324349 2988.3243492 110.28540287 172.42090178 36.373219542 1.8500000657 3.0228815232 35.529999768
 3033.0000000 284190.14970 7400391.5499 -2997.319446 3014.3194462 110.53092691 172.80107533 3.1832197532 0.1700000067 1.9733847053 2.3399999793
 3060.0000000 284190.16382 7400391.5728 -3024.319412 3041.3194119 110.54504425 172.82395629 144.79322073 0.0900000020 0.2743889554 143.95000095
 3075.0000000 284190.18351 7400391.5662 -3039.319395 3056.3193954 110.56473824 172.81736140 77.903219477 0.0999999992 0.2100955574 77.059999703
 3104.0000000 284190.20072 7400391.6065 -3068.319352 3085.3193516 110.58194280 172.85767076 348.68322579 0.1400000016 0.1768294161 347.84000602
 3126.0000000 284190.19193 7400391.6653 -3090.319271 3107.3192710 110.57315717 172.91644396 355.35323940 0.1700000067 0.0476722398 354.51001963
 3154.0000000 284190.18515 7400391.7701 -3118.319071 3135.3190711 110.56637764 173.02127844 358.31323094 0.2599999820 0.0971280292 357.47001117
 3180.0000000 284190.18446 7400391.9175 -3144.318647 3161.3186475 110.56568852 173.16870556 2.0832198180 0.3899999863 0.1519350625 1.2400000440
 3206.0000000 284190.16486 7400392.1174 -3170.317865 3187.3178651 110.54608995 173.36859454 349.91323681 0.4999999961 0.1666678988 349.07001704
 3235.0000000 284190.10190 7400392.4015 -3199.316397 3216.3163970 110.48312857 173.65269770 347.14321720 0.6499999683 0.1577694791 346.29999743
 3261.0000000 284190.03593 7400392.7099 -3225.314483 3242.3144825 110.41716040 173.96103710 350.19323560 0.7399999836 0.1122416688 349.35001583
 3281.0000000 284189.98459 7400392.9915 -3245.312428 3262.3124278 110.36581900 174.24266622 350.77322219 0.8999999397 0.2403195910 349.93000241
 3311.0000000 284189.95508 7400393.4353 -3275.309114 3292.3091140 110.33630673 174.68645274 4.0032199477 0.8099999777 0.2163183510 3.1600001738
 3338.0000000 284189.98766 7400393.7631 -3302.307086 3319.3070860 110.36889093 175.01431768 9.9732201424 0.5899999581 0.2572013393 9.1300003685
 3366.0000000 284189.99443 7400394.0635 -3330.305464 3347.3054638 110.37566220 175.31470868 355.02322231 0.6499999683 0.1842138580 354.18000253
 3392.0000000 284190.06061 7400394.3168 -3356.304077 3373.3040771 110.44183995 175.56795689 38.143220049 0.5899999581 0.5296913996 37.300000275
 3409.0000000 284190.23517 7400394.4065 -3373.302875 3390.3028747 110.61640158 175.65762366 81.483221408 0.8299999989 1.0055371076 80.640001634
 3440.0000000 284190.97121 7400394.3262 -3404.293447 3421.2934471 111.35243529 175.57736232 103.63322355 1.9500000116 1.1825683674 102.79000378
 3453.0000000 284191.43349 7400394.1919 -3417.284505 3434.2845048 111.81471931 175.44305983 109.93321915 2.3000000355 0.9699052090 109.08999937
 3470.0000000 284192.22328 7400393.9075 -3434.263531 3451.2635313 112.60450877 175.15868170 111.13322376 3.3599999313 1.8734054000 110.29000398
 3483.0000000 284193.00576 7400393.6110 -3447.236510 3464.2365098 113.38699103 174.86217864 111.98322226 4.0200000436 1.5282582416 111.14000248
 3493.0000000 284193.66186 7400393.3637 -3457.211907 3474.2119074 114.04308798 174.61491359 111.00322650 4.0200000436 0.2061043834 110.16000673
 3509.0000000 284194.73193 7400392.9667 -3473.171156 3490.1711557 115.11315925 174.21784198 111.39322590 4.1599997116 0.2676289862 110.55000613
 3521.0000000 284195.54924 7400392.6547 -3485.139236 3502.1392360 115.93046409 173.90587953 112.07322623 4.1999998607 0.1592294448 111.23000645
 3541.0000000 284197.02018 7400392.0552 -3505.075949 3522.0759493 117.40140347 173.30640526 113.82322627 4.9099997325 1.0850881800 112.98000650
 3547.0000000 284197.50459 7400391.8512 -3511.052885 3528.0528849 117.88581558 173.10235944 113.55322199 5.1399999495 1.1560614049 112.71000222
 3558.0000000 284198.38381 7400391.4807 -3522.011429 3539.0114288 118.76503552 172.73186156 113.84322292 4.8099997866 0.9026073546 113.00000314
 3569.0000000 284199.22160 7400391.1204 -3532.973569 3549.9735687 119.60283197 172.37153668 114.39322599 4.6999995901 0.3247451810 113.55000621
 3585.0000000 284200.39785 7400390.5185 -3548.918867 3565.9188674 120.77908109 171.76966221 121.42321733 4.7899997121 1.1026294543 120.57999756
 3592.0000000 284200.89600 7400390.2161 -3555.894575 3572.8945746 121.27722306 171.46722871 122.79322012 4.7600002406 0.5053704651 121.95000034
 3611.0000000 284202.21294 7400389.2964 -3574.826513 3591.8265126 122.59416262 170.54759247 128.63322425 4.9499998816 0.8356416475 127.79000447
 3623.0000000 284203.00798 7400388.6369 -3586.781970 3603.7819697 123.38920390 169.88809319 132.41323076 4.9299998071 0.8151511099 131.57001099
 3642.0000000 284204.20859 7400387.4743 -3605.708292 3622.7082921 124.58981392 168.72550814 137.31322479 5.1699998479 0.7790176251 136.47000502
 3650.3701172 284204.70723 7400386.9558 -3614.047420 3631.0474200 125.08845878 168.20692689 136.58322904 4.6900001931 1.7350017864 135.74000927
 3678.0000000 284205.65926 7400385.8901 -3641.636119 3658.6361189 126.04048295 167.14122960 148.34322388 1.2600000009 3.7632658826 147.50000410
 3704.0000000 284205.81291 7400385.6693 -3667.634139 3684.6341388 126.19413506 166.92050762 0.9132197762 0.0900000020 1.5423741667 0.0700000022
 3731.0000000 284205.79568 7400385.6982 -3694.634115 3711.6341149 126.17691139 166.94932506 294.64321574 0.0799999980 0.1036675923 293.79999597
 3757.0000000 284205.76835 7400385.7139 -3720.634096 3737.6340956 126.14958141 166.96504721 308.91323567 0.0599999969 0.0304451312 308.07001590
 3785.0000000 284205.77205 7400385.7107 -3748.634088 3765.6340882 126.15327451 166.96183817 129.64322641 0.0799999980 0.1499970131 128.80000664
 3812.0000000 284205.80075 7400385.7008 -3775.634070 3792.6340700 126.18197506 166.95195118 83.013220229 0.0599999969 0.0648608415 82.170000456
 3837.0000000 284205.82486 7400385.7160 -3800.634053 3817.6340528 126.20608878 166.96717151 40.513219047 0.0799999980 0.0648681474 39.669999273
 3865.0000000 284205.85440 7400385.7485 -3828.634018 3845.6340181 126.23563193 166.99971732 45.123219785 0.0999999992 0.0227728902 44.280000012
 3891.0000000 284205.85259 7400385.7690 -3854.634002 3871.6340019 126.23381891 167.02018697 284.29323987 0.0799999980 0.1809732210 283.45002009
 3917.0000000 284205.83753 7400385.7935 -3880.633982 3897.6339817 126.21875388 167.04466852 8.1332199387 0.0900000020 0.1313297626 7.2900001647
 3943.0000000 284205.86756 7400385.7936 -3906.633950 3923.6339500 126.24878975 167.04478965 127.11321993 0.1499999988 0.2411555076 126.27000016
 3971.0000000 284205.92657 7400385.7212 -3934.633789 3951.6337892 126.30779564 166.97237953 150.70322455 0.2399999875 0.1273010109 149.86000478
 3995.0000000 284206.00580 7400385.6005 -3958.633341 3975.6333412 126.38702532 166.85162961 145.90322137 0.4499999698 0.2647449469 145.06000160
 4024.0000000 284206.16784 7400385.3804 -3987.632042 4004.6320417 126.54906701 166.63154666 143.46321886 0.6300000005 0.1876782864 142.61999909
 4051.0000000 284206.37880 7400385.1177 -4014.629930 4031.6299301 126.76002543 166.36886115 140.98322306 0.7999999938 0.1919492358 140.14000329
 4077.0000000 284206.66021 7400384.8161 -4040.626640 4057.6266401 127.04143708 166.06724736 135.35321802 1.0199999601 0.2737117646 134.50999825
 4105.0000000 284207.08442 7400384.3635 -4068.619678 4085.6196783 127.46565134 165.61461999 139.27321630 1.5200000096 0.5434301109 138.42999653
 4132.0000000 284207.56526 7400383.8198 -4095.609925 4112.6099255 127.94648872 165.07101701 139.42322546 1.5599999452 0.0446694977 138.58000569
 4160.0000000 284208.09343 7400383.2010 -4123.598090 4140.5980900 128.47465665 164.45215577 141.19322978 1.7699999810 0.2316224189 140.35001001
 4186.0000000 284208.65708 7400382.5673 -4149.584240 4166.5842403 129.03831069 163.81844620 137.39322663 1.9700000861 0.2714035677 136.55000685
 4213.0000000 284209.34301 7400381.8707 -4176.566525 4193.5665250 129.72423771 163.12186130 135.28322596 2.1800000151 0.2482557904 134.44000618
 4239.0000000 284210.13691 7400381.1291 -4202.543760 4219.5437599 130.51814073 162.38022172 132.73322283 2.6099999104 0.5110402511 131.89000306
 4267.0000000 284211.15226 7400380.2570 -4230.511734 4247.5117337 131.53349179 161.50813502 130.38321666 2.8699998123 0.3034052258 129.53999689
 4295.0000000 284212.26917 7400379.2971 -4258.472955 4275.4729555 132.65039399 160.54822085 132.55323015 3.1600000396 0.3338591822 131.71001038
 4318.0000000 284213.25528 7400378.4253 -4281.435262 4298.4352616 133.63650479 159.67649436 132.10321793 3.4000000804 0.3148374504 131.25999816
 4348.0000000 284214.58292 7400377.2681 -4311.383536 4328.3835362 134.96414318 158.51926095 131.73322281 3.3299998195 0.0732914140 130.89000303
 4373.0000000 284215.74260 7400376.3170 -4336.338495 4353.3384955 136.12382479 157.56812355 128.76322913 3.5499999992 0.3396638581 127.92000936
 4396.0000000 284216.86626 7400375.4416 -4359.294362 4376.2943618 137.24748920 156.69274276 128.76322913 3.5499999992 0.0000000000 127.92000936
