# WELL TRACE FROM PETREL 
# WELL NAME:              7-PPT-7H-RJS
# DEFINITIVE SURVEY:      Explicit survey 1
# WELL HEAD X-COORDINATE: 286898.62000000 (m)
# WELL HEAD Y-COORDINATE: 7396860.74000000 (m)
# WELL DATUM (KB, Kelly bushing, from MSL): 17.00000000 (m)
# WELL TYPE:              OIL
# MD AND TVD ARE REFERENCED (=0) AT WELL DATUM AND INCREASE DOWNWARDS
# ANGLES ARE GIVEN IN DEGREES
# XYZ TRACE IS GIVEN IN COORDINATE SYSTEM BRAZIL SIRGAS 2000 (WGS84) UTM24S CM 39W (Brazil SIRGAS 2000 (WGS84) UTM24S Lon range 42W - 36W) [Chevron,720787]
# AZIM_TN: azimuth in True North 
# AZIM_GN: azimuth in Grid North 
# DX DY ARE GIVEN IN GRID NORTH IN m-UNITS
# DEPTH (Z, tvd_z) GIVEN IN m-UNITS
#===============================================================================================================================================
      MD            X            Y            Z           TVD           DX          DY        AZIM_TN        INCL         DLS        AZIM_GN
#===============================================================================================================================================
 0.0000000000 286898.62000 7396860.7400 17.000000000 0.0000000000 0.0000000030 -0.000000001 0.8334241941 0.0000000000 0.0000000000 0.0000000000
 1224.0000000 286898.62000 7396860.7400 -1207.000000 1224.0000000 0.0000000030 -0.000000001 0.8334241941 0.0000000000 0.0000000000 0.0000000000
 1261.0000000 286898.61117 7396860.7744 -1243.999977 1260.9999773 -0.008828242 0.0344086727 346.44342419 0.1100000000 0.0891891892 345.61000000
 1301.0000000 286898.51346 7396860.8538 -1283.999753 1300.9997533 -0.106537326 0.1138299610 296.42342419 0.2800000000 0.1692421173 295.59000000
 1327.0000000 286898.41269 7396860.9058 -1309.999505 1326.9995048 -0.207305034 0.1658434216 300.31342419 0.2200000000 0.0719081742 299.48000000
 1387.0000000 286898.15369 7396861.0542 -1369.998750 1386.9987497 -0.466314627 0.3142122664 300.84342419 0.3500000000 0.0650126691 300.01000000
 1417.0000000 286897.99068 7396861.1539 -1399.998141 1416.9981408 -0.629317626 0.4139329614 303.62342419 0.3800000000 0.0348287762 302.79000000
 1446.0000000 286897.83683 7396861.2516 -1428.997568 1445.9975678 -0.783171760 0.5116000175 302.81342419 0.3400000000 0.0417118672 301.98000000
 1508.0000000 286897.53712 7396861.4640 -1490.996479 1507.9964787 -1.082883645 0.7240042575 309.50342419 0.3400000000 0.0191982964 308.67000000
 1532.0000000 286897.43172 7396861.5395 -1514.996127 1531.9961271 -1.188283713 0.7994993487 302.73342419 0.2800000000 0.0877458716 301.90000000
 1561.0000000 286897.33306 7396861.6206 -1543.995843 1560.9958430 -1.286935274 0.8806324415 319.45342419 0.2300000000 0.0922104006 318.62000000
 1588.0000000 286897.26684 7396861.6942 -1570.995661 1587.9956611 -1.353163802 0.9541756175 318.07342419 0.1900000000 0.0447951389 317.24000000
 1622.0000000 286897.17654 7396861.7885 -1604.995409 1621.9954089 -1.443461595 1.0484689437 316.31342419 0.2500000000 0.0532696899 315.48000000
 1655.0000000 286897.10268 7396861.8691 -1637.995222 1654.9952217 -1.517324790 1.1290602814 322.20342419 0.1300000000 0.1103830693 321.37000000
 1675.0000000 286897.07769 7396861.9027 -1657.995178 1674.9951778 -1.542309610 1.1626522243 326.54342419 0.1100000000 0.0329320578 325.71000000
 1704.0000000 286897.03924 7396861.9266 -1686.995139 1703.9951394 -1.580756605 1.1865896555 273.18342419 0.0900000000 0.0947195744 272.35000000
 1732.0000000 286897.03189 7396861.9286 -1714.995130 1731.9951304 -1.588114469 1.1886368729 86.353424194 0.0600000000 0.1604403251 85.520000000
 1767.0000000 286897.02267 7396861.9308 -1749.995119 1766.9951191 -1.597325873 1.1907738671 272.30342419 0.0900000000 0.1284050853 271.47000000
 1795.0000000 286896.98571 7396861.9120 -1777.995086 1794.9950858 -1.634285129 1.1720226500 218.61342419 0.1000000000 0.0924241494 217.78000000
 1822.0000000 286896.95736 7396861.8909 -1804.995061 1821.9950611 -1.662639516 1.1509004366 260.66342419 0.0600000000 0.0760869464 259.83000000
 1850.0000000 286896.94045 7396861.8615 -1832.995036 1849.9950362 -1.679546058 1.1215430526 186.11342419 0.1100000000 0.1182633466 185.28000000
 1880.0000000 286896.94308 7396861.8099 -1862.994991 1879.9949912 -1.676923477 1.0698945122 167.90342419 0.0900000000 0.0373045848 167.07000000
 1938.0000000 286896.98352 7396861.7470 -1920.994940 1937.9949399 -1.636479310 1.0070321634 122.22342419 0.0700000000 0.0335083725 121.39000000
 1966.0000000 286897.00527 7396861.7314 -1948.994927 1965.9949268 -1.614732614 0.9914487572 133.88342419 0.0400000000 0.0341441401 133.05000000
 1993.0000000 286897.03335 7396861.7243 -1975.994910 1992.9949098 -1.586648423 0.9842627384 92.863424194 0.0900000000 0.0725865991 92.030000000
 2021.0000000 286897.09664 7396861.7279 -2003.994836 2020.9948356 -1.523360397 0.9879272552 84.693424194 0.1700000000 0.0877693319 83.860000000
 2051.0000000 286897.16648 7396861.7625 -2033.994729 2050.9947290 -1.453516780 1.0224872623 41.483424194 0.1500000000 0.1192839591 40.650000000
 2080.0000000 286897.23629 7396861.7979 -2062.994618 2079.9946182 -1.383712080 1.0579485353 82.433424194 0.1800000000 0.1229022567 81.600000000
 2109.0000000 286897.32458 7396861.8355 -2091.994456 2108.9944561 -1.295421138 1.0955461347 55.233424194 0.2100000000 0.0995476253 54.400000000
 2138.0000000 286897.40174 7396861.8969 -2120.994288 2137.9942881 -1.218264174 1.1568852160 48.983424194 0.1800000000 0.0380000188 48.150000000
 2168.0000000 286897.47204 7396861.9706 -2150.994115 2167.9941146 -1.147958816 1.2305757739 40.633424194 0.2100000000 0.0412480235 39.800000000
 2191.0000000 286897.52703 7396862.0317 -2173.993968 2190.9939675 -1.092973604 1.2917372771 45.053424194 0.2000000000 0.0243959204 44.220000000
 2227.0000000 286897.69452 7396862.1631 -2209.993301 2226.9933010 -0.925482066 1.4231078532 55.913424194 0.4800000000 0.2383953784 55.080000000
 2257.0000000 286897.83782 7396862.2541 -2239.992784 2256.9927835 -0.782181361 1.5140687171 65.543424194 0.1700000000 0.3136872654 64.710000000
 2270.0000000 286897.87810 7396862.2402 -2252.992702 2269.9927016 -0.741899177 1.5002276916 134.86342419 0.2800000000 0.6264017333 134.03000000
 2286.0000000 286897.91929 7396862.1703 -2268.992491 2285.9924911 -0.700705859 1.4303205311 163.81342419 0.3200000000 0.2904265568 162.98000000
 2315.0000000 286897.96042 7396862.0034 -2297.991981 2314.9919808 -0.659580129 1.2634319849 169.81342419 0.3600000000 0.0553437697 168.98000000
 2342.0000000 286897.98488 7396861.9156 -2324.991788 2341.9917882 -0.635124665 1.1755799409 119.90342419 0.0400000000 0.3729314509 119.07000000
 2362.0000000 286898.07629 7396861.8812 -2344.991491 2361.9914912 -0.543714102 1.1411715671 110.81342419 0.5200000000 0.7208158454 109.98000000
 2368.0000000 286898.11676 7396861.8571 -2350.991303 2367.9913026 -0.503240383 1.1171249561 135.56342419 0.4000000000 1.1468616929 134.73000000
 2386.0000000 286898.24398 7396861.7427 -2368.990470 2385.9904698 -0.376020481 1.0026717428 131.21342419 0.6900000000 0.4878811600 130.38000000
 2416.0000000 286898.36787 7396861.4507 -2398.988648 2415.9886481 -0.252127651 0.7107320782 185.32342419 0.6700000000 0.6188348755 184.49000000
 2428.0000000 286898.31798 7396861.3292 -2410.987903 2427.9879032 -0.302023414 0.5891709626 221.54342419 0.6500000000 1.0268594498 220.71000000
 2435.0000000 286898.25230 7396861.2924 -2417.987481 2434.9874811 -0.367698172 0.5524340915 261.36342419 0.6600000000 1.9122971705 260.53000000
 2440.0000000 286898.18933 7396861.2828 -2422.987074 2439.9870741 -0.430671264 0.5427822899 262.74342419 0.8000000000 0.8465374603 261.91000000
 2445.0000000 286898.12074 7396861.2668 -2427.986577 2444.9865769 -0.499261553 0.5267936848 252.80342419 0.8200000000 0.8504998483 251.97000000
 2451.0000000 286898.03370 7396861.2257 -2433.985798 2450.9857983 -0.586297126 0.4856751282 239.77342419 1.0300000000 1.4797769361 238.94000000
 2460.0000000 286897.82327 7396861.1205 -2442.982620 2459.9826200 -0.796728445 0.3805086892 246.63342419 1.9700000000 3.1844183249 245.80000000
 2481.0000000 286896.72208 7396860.7475 -2463.948814 2480.9488138 -1.897917755 0.0075249234 254.58342419 4.3900000000 3.5058231162 253.75000000
 2503.0000000 286894.65808 7396860.1426 -2485.841787 2502.8417873 -3.961922250 -0.597408021 254.44342419 6.8300000000 3.3273225983 253.61000000
 2513.0000000 286893.43628 7396859.7717 -2495.759829 2512.7598288 -5.183717407 -0.968311284 253.51342419 7.8400000000 3.0507667974 252.68000000
 2530.0000000 286890.97572 7396858.9139 -2512.558099 2529.5580991 -7.644283265 -1.826065317 250.09342419 9.8000000000 3.5789779469 249.26000000
 2548.0000000 286887.84537 7396857.5895 -2530.233136 2547.2331359 -10.77462870 -3.150460009 246.10342419 11.980000000 3.8423012351 245.27000000
 2560.0000000 286885.45561 7396856.4760 -2541.939714 2558.9397144 -13.16438669 -4.263969976 245.62342419 13.400000000 3.5597438700 244.79000000
 2576.0000000 286881.88866 7396854.7705 -2557.442987 2574.4429866 -16.73134254 -5.969535951 244.97342419 15.210000000 3.4070315195 244.14000000
 2589.0000000 286878.69544 7396853.2270 -2569.949722 2586.9497217 -19.92455805 -7.513039332 245.09342419 16.450000000 2.8625338690 244.26000000
 2604.0000000 286874.67094 7396851.3020 -2584.270612 2601.2706121 -23.94905771 -9.437967439 245.43342419 18.150000000 3.4059939794 244.60000000
 2617.0000000 286870.88738 7396849.4820 -2596.573837 2613.5738375 -27.73261660 -11.25804887 244.87342419 19.530000000 3.2118071001 244.04000000
 2633.0000000 286865.86989 7396847.0216 -2611.565826 2628.5658262 -32.75010749 -13.71843931 244.56342419 21.350000000 3.4185204262 243.73000000
 2647.0000000 286861.13416 7396844.6734 -2624.529409 2641.5294086 -37.48583960 -16.06655367 244.36342419 23.010000000 3.5608155602 243.53000000
 2663.0000000 286855.37447 7396841.7234 -2639.162124 2656.1621244 -43.24553392 -19.01660494 243.10342419 24.700000000 3.3094938308 242.27000000
 2678.0000000 286849.70074 7396838.6486 -2652.702865 2669.7028651 -48.91926000 -22.09143849 241.69342419 26.260000000 3.3473552315 240.86000000
 2691.0000000 286844.55752 7396835.7564 -2664.286677 2681.2866766 -54.06247541 -24.98359704 241.28342419 27.720000000 3.3964646881 240.45000000
 2706.0000000 286838.34052 7396832.2105 -2677.469162 2694.4691622 -60.27948469 -28.52951827 240.99342419 29.270000000 3.1123166223 240.16000000
 2735.0000000 286825.55079 7396824.8538 -2702.433660 2719.4336600 -73.06921078 -35.88617232 240.86342419 31.890000000 2.7112067661 240.03000000
 2748.0000000 286819.50883 7396821.3339 -2713.393269 2730.3932686 -79.11116817 -39.40612425 240.36342419 33.180000000 3.0408916653 239.53000000
 2764.0000000 286811.81367 7396816.7853 -2726.663708 2743.6637084 -86.80632623 -43.95473285 240.13342419 34.740000000 2.9348989009 239.30000000
 2791.0000000 286798.17283 7396808.6126 -2748.483035 2765.4830349 -100.4471679 -52.12736605 239.69342419 37.420000000 2.9916473681 238.86000000
 2820.0000000 286782.98958 7396799.3934 -2771.408259 2788.4082588 -115.6304244 -61.34659039 239.44342419 38.110000000 0.7311530239 238.61000000
 2848.0000000 286768.24498 7396790.3756 -2793.439427 2810.4394268 -130.3750188 -70.36440695 239.32342419 38.110000000 0.0793508325 238.49000000
 2863.0000000 286760.33965 7396785.5236 -2805.228896 2822.2288955 -138.2803455 -75.21640641 239.26342419 38.270000000 0.3284882233 238.43000000
 2878.0000000 286752.33228 7396780.5798 -2816.910566 2833.9105656 -146.2877202 -80.16022704 239.02342419 39.430000000 2.3394532272 238.19000000
 2890.0000000 286745.78295 7396776.5150 -2826.108351 2843.1083505 -152.8370500 -84.22497099 238.99342419 40.490000000 2.6504376806 238.16000000
 2907.0000000 286736.21021 7396770.5963 -2838.849834 2855.8498338 -162.4097933 -90.14366827 239.21342419 42.410000000 3.3979636124 238.38000000
 2921.0000000 286728.01578 7396765.6090 -2849.047544 2866.0475443 -170.6042247 -95.13096390 239.79342419 44.080000000 3.6784516443 238.96000000
 2935.0000000 286719.54420 7396760.5250 -2858.967431 2875.9674311 -179.0757967 -100.2149712 239.93342419 45.680000000 3.4350985156 239.10000000
 2951.0000000 286709.57903 7396754.5598 -2869.973604 2886.9736041 -189.0409734 -106.1802116 239.92342419 47.390000000 3.2062788723 239.09000000
 2965.0000000 286700.62860 7396749.1783 -2879.298349 2896.2983493 -197.9913996 -111.5616611 239.71342419 49.080000000 3.6369460103 238.88000000
 2980.0000000 286690.78791 7396743.2658 -2888.953849 2905.9538488 -207.8320902 -117.4742026 239.95342419 50.780000000 3.4197801108 239.12000000
 2995.0000000 286680.69864 7396737.2347 -2898.273836 2915.2738362 -217.9213648 -123.5053182 239.97342419 52.390000000 3.2201524943 239.14000000
 3022.0000000 286661.92617 7396726.0785 -2914.151561 2931.1515614 -236.6938324 -134.6614883 240.24342419 55.560000000 3.5305635399 239.41000000
 3050.0000000 286641.66806 7396714.1245 -2929.340042 2946.3400420 -256.9519421 -146.6155050 240.33342419 58.730000000 3.3973938532 239.50000000
 3063.0000000 286632.01956 7396708.4285 -2935.934903 2952.9349032 -266.6004439 -152.3115005 240.22342419 60.300000000 3.6296740923 239.39000000
 3079.0000000 286619.94097 7396701.3039 -2943.641421 2960.6414213 -278.6790257 -159.4360993 240.37342419 62.110000000 3.4026869384 239.54000000
 3092.0000000 286609.96816 7396695.4530 -2949.586585 2966.5865854 -288.6518418 -165.2870421 240.49342419 63.460000000 3.1251021724 239.66000000
 3109.0000000 286596.72264 7396687.7255 -2956.927693 2973.9276931 -301.8973612 -173.0145171 240.65342419 65.370000000 3.3801938090 239.82000000
 3138.0000000 286573.62316 7396674.3520 -2968.266733 2985.2667328 -324.9968420 -186.3879856 240.87342419 68.590000000 3.3376110807 240.04000000
 3161.0000000 286554.85583 7396663.6504 -2976.160816 2993.1608159 -343.7641719 -197.0895566 241.40342419 71.260000000 3.5426051412 240.57000000
 3183.0000000 286536.52130 7396653.4001 -2982.704241 2999.7042413 -362.0986959 -207.3398800 241.84342419 74.130000000 3.9553264781 241.01000000
 3196.0000000 286525.54080 7396647.3047 -2986.067663 3003.0676630 -373.0791971 -213.4353048 241.75342419 75.880000000 4.0434411336 240.92000000
 3220.0000000 286505.03917 7396635.9524 -2991.247185 3008.2471847 -393.5808273 -224.7875702 241.96342419 79.190000000 4.1454289671 241.13000000
 3253.0000000 286476.37909 7396620.3014 -2995.963759 3012.9637588 -422.2409065 -240.4385884 242.42342419 84.370000000 4.7272311598 241.59000000
 3292.0000000 286442.23633 7396601.9747 -3000.408943 3017.4089427 -456.3836723 -258.7652821 242.79342419 82.540000000 1.4358077979 241.96000000
 3322.0000000 286416.09641 7396587.8942 -3004.729150 3021.7291500 -482.5235942 -272.8457817 242.25342419 80.900000000 1.7248570079 241.42000000
 3351.0000000 286391.11413 7396573.8891 -3009.308456 3026.3084561 -507.5058723 -286.8509176 240.86342419 80.930000000 1.4202306797 240.03000000
 3379.0000000 286367.24324 7396559.9316 -3013.736934 3030.7369340 -531.3767636 -300.8083583 240.17342419 80.870000000 0.7328059669 239.34000000
 3412.0000000 286339.17462 7396543.3682 -3018.947626 3035.9476256 -559.4453847 -317.3717996 240.40342419 80.960000000 0.2220882666 239.57000000
 3431.0000000 286322.98772 7396533.8448 -3021.846154 3038.8461537 -575.6322793 -326.8952444 240.32342419 81.490000000 0.8461022004 239.49000000
 3456.0000000 286301.52496 7396521.3838 -3024.864396 3041.8643963 -597.0950415 -339.3562301 241.06342419 84.640000000 3.8813970795 240.23000000
 3468.0000000 286291.14788 7396515.4395 -3025.876865 3042.8768646 -607.4721237 -345.3004751 240.99342419 85.680000000 2.6058407724 240.16000000
 3486.0000000 286275.58141 7396506.4721 -3027.044696 3044.0446961 -623.0385858 -354.2679277 240.78342419 86.880000000 2.0302659482 239.95000000
 3516.0000000 286249.56100 7396491.5761 -3028.162273 3045.1622734 -649.0589975 -369.1638930 241.30342419 88.850000000 2.0373752731 240.47000000
 3546.0000000 286223.48664 7396476.7427 -3028.787929 3045.7879292 -675.1333591 -383.9973349 241.09342419 88.760000000 0.2284311934 240.26000000
 3571.0000000 286201.82241 7396464.2625 -3029.086806 3046.0868064 -696.7975850 -396.4775400 240.68342419 89.870000000 1.4199457134 239.85000000
 3583.0000000 286191.48665 7396458.1620 -3029.129742 3046.1297421 -707.1333524 -402.5779567 239.88342419 89.720000000 2.0348394306 239.05000000
 3615.0000000 286164.19093 7396441.4515 -3029.227483 3046.2274830 -734.4290664 -419.2884969 238.83342419 89.930000000 1.0038644239 238.00000000
 3644.0000000 286139.80027 7396425.7568 -3029.240137 3046.2401374 -758.8197261 -434.9831932 237.31342419 90.020000000 1.5751674227 236.48000000
 3672.0000000 286116.40866 7396410.3591 -3029.267016 3046.2670155 -782.2113393 -450.3808529 237.64342419 89.870000000 0.3883833804 236.81000000
 3699.0000000 286093.75834 7396395.6554 -3029.283509 3046.2835090 -804.8616556 -465.0845982 238.04342419 90.060000000 0.4920350706 237.21000000
 3728.0000000 286069.22054 7396380.1911 -3029.253139 3046.2531392 -829.3994606 -480.5489288 239.18342419 90.060000000 1.1793096982 238.35000000
 3758.0000000 286043.53141 7396364.6882 -3029.232195 3046.2321947 -855.0885905 -496.0518087 240.26342419 90.020000000 1.0807402020 239.43000000
 3789.0000000 286016.64981 7396349.2399 -3029.202435 3046.2024354 -881.9701891 -511.5001456 241.63342419 90.090000000 1.3275352645 240.80000000
 3819.0000000 285990.30774 7396334.8746 -3029.173636 3046.1736364 -908.3122633 -525.8653863 242.82342419 90.020000000 1.1920564244 241.99000000
 3848.0000000 285964.73741 7396321.1839 -3029.153391 3046.1533906 -933.8825938 -539.5560654 242.51342419 90.060000000 0.3233481838 241.68000000
 3875.0000000 285940.92832 7396308.4416 -3029.141610 3046.1416095 -957.6916784 -552.2984071 242.84342419 89.990000000 0.3748250056 242.01000000
 3905.0000000 285914.40734 7396294.4082 -3029.120666 3046.1206656 -984.2126604 -566.3317561 243.05342419 90.090000000 0.2325939967 242.22000000
 3934.0000000 285888.75502 7396280.8718 -3029.082705 3046.0827047 -1009.864985 -579.8682373 242.97342419 90.060000000 0.0883861784 242.14000000
 3963.0000000 285863.20879 7396267.1366 -3029.062459 3046.0624585 -1035.411210 -593.6034412 242.16342419 90.020000000 0.8389519028 241.33000000
 3992.0000000 285837.85311 7396253.0526 -3029.052335 3046.0523355 -1060.766892 -607.6873704 241.40342419 90.020000000 0.7862068487 240.57000000
 4021.0000000 285812.61238 7396238.7633 -3029.049805 3046.0498047 -1086.007618 -621.9767186 241.23342419 89.990000000 0.1785794094 240.40000000
 4051.0000000 285786.65970 7396223.7068 -3029.217359 3046.2173593 -1111.960302 -637.0331748 240.19342419 89.370000000 1.2107665780 239.36000000
 4078.0000000 285763.54105 7396209.7524 -3029.361089 3046.3610890 -1135.078952 -650.9876078 239.24342419 90.020000000 1.2789679218 238.41000000
 4108.0000000 285737.93990 7396194.1038 -3029.332291 3046.3322910 -1160.680100 -666.6362115 239.55342419 90.090000000 0.3178048135 238.72000000
 4137.0000000 285712.95313 7396179.3765 -3029.319637 3046.3196366 -1185.666866 -681.3634737 241.08342419 89.960000000 1.5884611774 240.25000000
 4167.0000000 285686.83695 7396164.6036 -3029.324873 3046.3248726 -1211.783054 -696.1364186 241.59342419 90.020000000 0.5135172522 240.76000000
 4197.0000000 285660.62329 7396150.0041 -3029.303929 3046.3039286 -1237.996707 -710.7358686 241.84342419 90.060000000 0.2531797129 241.01000000
 4226.0000000 285635.27851 7396135.9002 -3029.265968 3046.2659677 -1263.341490 -724.8398226 241.63342419 90.090000000 0.2194467454 240.80000000
 4249.0000000 285615.27599 7396124.5394 -3029.243889 3046.2438889 -1283.344006 -736.2006268 240.84342419 90.020000000 1.0344714663 240.01000000
 4264.0000000 285602.28281 7396117.0392 -3029.241271 3046.2412709 -1296.337192 -743.7008021 240.83342419 90.000000000 0.0447213594 240.00000000
