# WELL TRACE FROM PETREL 
# WELL NAME:              7-PPT-18HA-RJS
# DEFINITIVE SURVEY:      Explicit survey 1
# WELL HEAD X-COORDINATE: 287512.62000000 (m)
# WELL HEAD Y-COORDINATE: 7396122.74000000 (m)
# WELL DATUM (KB, Kelly bushing, from MSL): 22.00000000 (m)
# WELL TYPE:              OIL
# MD AND TVD ARE REFERENCED (=0) AT WELL DATUM AND INCREASE DOWNWARDS
# ANGLES ARE GIVEN IN DEGREES
# XYZ TRACE IS GIVEN IN COORDINATE SYSTEM BRAZIL SIRGAS 2000 (WGS84) UTM24S CM 39W (Brazil SIRGAS 2000 (WGS84) UTM24S Lon range 42W - 36W) [Chevron,720787]
# AZIM_TN: azimuth in True North 
# AZIM_GN: azimuth in Grid North 
# DX DY ARE GIVEN IN GRID NORTH IN m-UNITS
# DEPTH (Z, tvd_z) GIVEN IN m-UNITS
#===============================================================================================================================================
      MD            X            Y            Z           TVD           DX          DY        AZIM_TN        INCL         DLS        AZIM_GN
#===============================================================================================================================================
 0.0000000000 287512.62000 7396122.7400 22.000000000 0.0000000000 -0.000000000 0.0000000037 0.8312888044 0.0000000000 0.0000000000 0.0000000000
 1290.0000000 287512.62000 7396122.7400 -1268.000000 1290.0000000 -0.000000000 0.0000000037 340.07128880 0.0000000000 0.0000000000 339.24000000
 1332.0000000 287512.56673 7396122.8805 -1309.999642 1331.9996416 -0.053273025 0.1405377099 340.07128880 0.4100000000 0.2928571429 339.24000000
 1370.0000000 287512.53529 7396123.1727 -1347.998481 1369.9984812 -0.084714064 0.4326721113 6.6312888044 0.5000000000 0.1789300528 5.8000000000
 1398.0000000 287512.57141 7396123.4513 -1375.997064 1397.9970638 -0.048585301 0.7112939693 9.4412888044 0.6500000000 0.1634816621 8.6100000000
 1426.0000000 287512.59709 7396123.7159 -1403.995785 1425.9957850 -0.022909283 0.9758622330 1.8412888044 0.4400000000 0.2374720959 1.0100000000
 1454.0000000 287512.59594 7396123.8966 -1431.995194 1453.9951945 -0.024058439 1.1566256229 358.45128880 0.3000000000 0.1517573736 357.62000000
 1512.0000000 287512.50727 7396124.4034 -1489.992778 1511.9927780 -0.112725764 1.6634090794 347.77128880 0.7200000000 0.2218013644 346.94000000
 1570.0000000 287512.29799 7396125.0620 -1547.988649 1569.9886488 -0.322011523 2.3220281163 338.14128880 0.6500000000 0.0695664560 337.31000000
 1600.0000000 287512.15931 7396125.3581 -1577.986865 1599.9868652 -0.460689966 2.6181456652 333.13128880 0.6000000000 0.0740263098 332.30000000
 1627.0000000 287511.96410 7396125.7321 -1604.983452 1626.9834519 -0.655895840 2.9920637952 333.33128880 1.1900000000 0.6555637469 332.50000000
 1657.0000000 287511.72195 7396126.2023 -1634.978742 1656.9787417 -0.898052094 3.4622523105 333.94128880 0.8300000000 0.3601554410 333.11000000
 1683.0000000 287511.56585 7396126.5834 -1660.975466 1682.9754659 -1.054146342 3.8433956802 342.43128880 0.9900000000 0.2409507743 341.60000000
 1711.0000000 287511.35034 7396127.0109 -1688.971345 1710.9713450 -1.269656218 4.2708666455 325.72128880 0.9900000000 0.3082413086 324.89000000
 1741.0000000 287511.07678 7396127.5114 -1718.965888 1740.9658878 -1.543216858 4.7713899538 337.49128880 1.2000000000 0.3066774086 336.66000000
 1768.0000000 287510.82919 7396128.0536 -1745.959303 1767.9593034 -1.790807123 5.3135776725 335.20128880 1.3300000000 0.1549542691 334.37000000
 1796.0000000 287510.55250 7396128.6336 -1773.951929 1795.9519289 -2.067500205 5.8936381973 335.46128880 1.3000000000 0.0327723624 334.63000000
 1885.0000000 287509.50660 7396130.6713 -1862.922316 1884.9223158 -3.113404337 7.9312816970 332.24128880 1.6500000000 0.1211944254 331.41000000
 1914.0000000 287509.18818 7396131.4145 -1891.911006 1913.9110064 -3.431821743 8.6745206360 343.35128880 1.5600000000 0.3344971580 342.52000000
 1943.0000000 287508.94941 7396132.1619 -1920.900395 1942.9003953 -3.670590530 9.4218512112 342.87128880 1.5400000000 0.0246668846 342.04000000
 1968.0000000 287508.74220 7396132.8011 -1945.891365 1967.8913654 -3.877796552 10.061084015 342.87128880 1.5400000000 0.0000000000 342.04000000
 1997.0000000 287508.49280 7396133.6297 -1974.878411 1996.8784114 -4.127198952 10.889722930 345.07128880 1.8800000000 0.3581563294 344.24000000
 2024.0000000 287508.25218 7396134.4823 -2001.863878 2023.8638781 -4.367819504 11.742329612 345.07128880 1.8800000000 0.0000000000 344.24000000
 2053.0000000 287508.04325 7396135.3424 -2030.850341 2052.8503414 -4.576746010 12.602378720 349.62128880 1.6200000000 0.3047611098 348.79000000
 2082.0000000 287507.91561 7396136.1390 -2059.839115 2081.8391148 -4.704391299 13.398979250 353.90128880 1.5700000000 0.1336132877 353.07000000
 2112.0000000 287507.84484 7396136.9680 -2089.827573 2111.8275730 -4.775164163 14.227990749 357.95128880 1.6100000000 0.1192523677 357.12000000
 2142.0000000 287507.79126 7396137.7856 -2119.816381 2141.8163813 -4.828742355 15.045596676 356.16128880 1.5200000000 0.1024096678 355.33000000
 2173.0000000 287507.75623 7396138.6635 -2150.803910 2172.8039096 -4.863774174 15.923459254 0.6412888044 1.7300000000 0.2373718457 359.81000000
 2198.0000000 287507.74651 7396139.4553 -2175.791359 2197.7913586 -4.873489468 16.715306137 359.66128880 1.9000000000 0.2073650088 358.83000000
 2222.0000000 287507.68215 7396140.1856 -2199.780115 2221.7801153 -4.937850345 17.445635095 351.23128880 1.6100000000 0.4844136881 350.40000000
 2251.0000000 287507.48082 7396140.7040 -2228.774292 2250.7742923 -5.139178144 17.964037589 312.00128880 0.7000000000 1.1957429070 311.17000000
 2280.0000000 287507.16983 7396140.7698 -2257.772378 2279.7723783 -5.450170204 18.029773777 254.84128880 0.7300000000 0.7081908269 254.01000000
 2310.0000000 287506.88545 7396140.5394 -2287.770021 2309.7700213 -5.734545375 17.799401891 210.35128880 0.7800000000 0.5734936114 209.52000000
 2337.0000000 287506.66085 7396140.2572 -2314.767592 2336.7675921 -5.959147753 17.517150577 228.45128880 0.7700000000 0.2711133151 227.62000000
 2365.0000000 287506.45929 7396139.9606 -2342.765252 2364.7652516 -6.160710307 17.220641227 201.07128880 0.7400000000 0.3841569917 200.24000000
 2395.0000000 287506.35801 7396139.6041 -2372.762957 2394.7629566 -6.261988721 16.864125820 191.92128880 0.6800000000 0.1280834704 191.09000000
 2423.0000000 287506.25775 7396139.2815 -2400.760912 2422.7609116 -6.362249858 16.541549349 204.01128880 0.7100000000 0.1600563529 203.18000000
 2451.0000000 287506.11176 7396138.9696 -2428.758794 2450.7587936 -6.508235041 16.229641074 207.84128880 0.7000000000 0.0516052467 207.01000000
 2480.0000000 287505.93192 7396138.6501 -2457.756473 2479.7564735 -6.688081266 15.910056873 212.40128880 0.7500000000 0.0789430793 211.57000000
 2508.0000000 287505.76275 7396138.3393 -2485.754235 2507.7542354 -6.857251348 15.599293461 206.17128880 0.7000000000 0.0999400929 205.34000000
 2538.0000000 287505.64043 7396137.9769 -2515.751785 2537.7517855 -6.979572078 15.236865282 193.40128880 0.7700000000 0.1776587972 192.57000000
 2546.0000000 287505.62227 7396137.8724 -2523.751083 2545.7510827 -6.997727106 15.132423567 187.91128880 0.7500000000 0.2830635859 187.08000000
 2557.0000000 287505.58603 7396137.7069 -2534.749766 2556.7497658 -7.033971027 14.966947313 197.06128880 1.0200000000 0.8288716095 196.23000000
 2571.0000000 287505.51671 7396137.4561 -2548.747346 2570.7473462 -7.103288875 14.716116827 195.56128880 1.1100000000 0.2018824386 194.73000000
 2584.0000000 287505.45584 7396137.2152 -2561.744972 2583.7449721 -7.164164834 14.475229900 194.45128880 1.0800000000 0.0847857502 193.62000000
 2601.0000000 287505.28990 7396136.8492 -2578.740114 2600.7401137 -7.330098983 14.109222811 212.20128880 1.6600000000 1.2566134543 211.37000000
 2614.0000000 287504.93160 7396136.5165 -2591.730578 2613.7305781 -7.688397343 13.776483693 237.38128880 2.7500000000 3.3083725797 236.55000000
 2630.0000000 287504.10010 7396136.0705 -2607.702355 2629.7023547 -8.519897148 13.330510731 246.20128880 4.0300000000 2.5846518526 245.37000000
 2642.0000000 287503.23112 7396135.6714 -2619.664026 2641.6640264 -9.388882911 12.931389167 246.13128880 5.1100000000 2.7000355019 245.30000000
 2660.0000000 287501.50852 7396134.9146 -2637.564715 2659.5647149 -11.11148389 12.174552575 247.84128880 6.8900000000 2.9812593071 247.01000000
 2673.0000000 287499.92891 7396134.2465 -2650.450805 2672.4508049 -12.69108883 11.506503051 247.96128880 8.2700000000 3.1848231543 247.13000000
 2687.0000000 287497.88172 7396133.3864 -2664.273118 2686.2731179 -14.73827555 10.646448290 248.11128880 9.9800000000 3.6646371747 247.28000000
 2700.0000000 287495.64544 7396132.4540 -2677.045022 2699.0450218 -16.97455508 9.7139991894 248.27128880 11.500000000 3.5083637648 247.44000000
 2715.0000000 287492.69870 7396131.2073 -2691.699382 2713.6993824 -19.92129609 8.4672584012 247.57128880 13.130000000 3.2735877431 246.74000000
 2729.0000000 287489.61989 7396129.8617 -2705.289909 2727.2899085 -23.00010979 7.1216720399 246.91128880 14.640000000 3.2534133524 246.08000000
 2742.0000000 287486.47871 7396128.4577 -2717.826143 2739.8261427 -26.14128722 5.7177429814 246.60128880 16.050000000 3.2593373722 245.77000000
 2757.0000000 287482.51816 7396126.6835 -2732.184374 2754.1843741 -30.10183978 3.9435464479 246.79128880 17.580000000 3.0619699047 245.96000000
 2773.0000000 287477.92220 7396124.6564 -2747.375234 2769.3752339 -34.69779911 1.9163606204 247.25128880 19.010000000 2.6948649170 246.42000000
 2787.0000000 287473.57985 7396122.7601 -2760.548823 2782.5488227 -39.04015435 0.0201010397 247.23128880 20.550000000 3.3000318238 246.40000000
 2802.0000000 287468.52461 7396120.5767 -2774.501048 2796.5010482 -44.09538929 -2.163303452 247.69128880 22.520000000 3.9544172428 246.86000000
 2815.0000000 287463.77089 7396118.5715 -2786.433225 2808.4332246 -48.84910668 -4.168514891 248.21128880 24.240000000 3.9976569371 247.38000000
 2831.0000000 287457.50410 7396115.9762 -2800.924178 2822.9241784 -55.11590417 -6.763825892 248.45128880 25.920000000 3.1557639716 247.62000000
 2844.0000000 287452.08873 7396113.7662 -2812.534052 2834.5340519 -60.53126703 -8.973801173 248.80128880 27.550000000 3.7790318742 247.97000000
 2859.0000000 287445.47657 7396111.0969 -2825.730809 2847.7308091 -67.14342983 -11.64311339 248.89128880 29.210000000 3.3211013591 248.06000000
 2873.0000000 287438.97539 7396108.4599 -2837.846154 2859.8461542 -73.64460829 -14.28012740 248.62128880 30.930000000 3.6970890620 247.79000000
 2887.0000000 287432.16942 7396105.6895 -2849.762967 2871.7629671 -80.45057796 -17.05049630 248.74128880 32.380000000 3.1100706471 247.91000000
 2901.0000000 287425.05765 7396102.8091 -2861.473223 2883.4732231 -87.56234633 -19.93092897 248.82128880 34.080000000 3.6440675475 247.99000000
 2916.0000000 287417.10766 7396099.5847 -2873.778098 2895.7780981 -95.51233938 -23.15525774 248.69128880 35.680000000 3.2034507122 247.86000000
 2930.0000000 287409.37000 7396096.4590 -2885.019268 2907.0192682 -103.2499994 -26.28100844 248.97128880 37.490000000 3.8950136932 248.14000000
 2945.0000000 287400.74025 7396093.0120 -2896.794604 2918.7946040 -111.8797524 -29.72804002 249.14128880 39.060000000 3.1470525480 248.31000000
 2958.0000000 287392.99090 7396089.9249 -2906.765930 2928.7659300 -119.6290983 -32.81509799 249.08128880 40.760000000 3.9240821953 248.25000000
 2974.0000000 287383.16974 7396085.9258 -2918.748044 2940.7480441 -129.4502642 -36.81422389 248.28128880 42.250000000 2.9652745046 247.45000000
 2987.0000000 287374.96611 7396082.5321 -2928.245260 2950.2452602 -137.6538869 -40.20789330 248.43128880 43.880000000 3.7689550980 247.60000000
 3004.0000000 287363.89477 7396077.9550 -2940.307447 2962.3074466 -148.7252320 -44.78496427 248.31128880 45.720000000 3.2504844061 247.48000000
 3016.0000000 287355.87461 7396074.6231 -2948.589535 2970.5895349 -156.7453919 -48.11693893 248.23128880 46.990000000 3.1782963071 247.40000000
 3030.0000000 287346.32130 7396070.6355 -2958.016004 2980.0160044 -166.2987045 -52.10448318 248.12128880 48.360000000 2.9408815307 247.29000000
 3045.0000000 287335.86350 7396066.2588 -2967.839822 2989.8398223 -176.7565016 -56.48122271 248.12128880 49.810000000 2.9000000000 247.29000000
 3058.0000000 287326.61758 7396062.3777 -2976.114787 2998.1147868 -186.0024191 -60.36226403 248.00128880 51.120000000 3.0306107404 247.17000000
 3073.0000000 287315.74187 7396057.7937 -2985.374174 3007.3741736 -196.8781260 -64.94634229 247.95128880 52.640000000 3.0410176329 247.12000000
 3088.0000000 287304.62373 7396053.1271 -2994.298299 3016.2982995 -207.9962682 -69.61285921 248.17128880 54.340000000 3.4183395022 247.34000000
 3102.0000000 287294.02348 7396048.7049 -3002.305091 3024.3050914 -218.5965205 -74.03506349 248.20128880 55.890000000 3.3218471035 247.37000000
 3116.0000000 287283.21750 7396044.2069 -3009.988082 3031.9880822 -229.4025040 -78.53310261 248.26128880 57.540000000 3.5373472413 247.43000000
 3131.0000000 287271.40218 7396039.3337 -3017.841997 3039.8419971 -241.2178190 -83.40629396 248.57128880 59.310000000 3.5791843788 247.74000000
 3146.0000000 287259.33397 7396034.4114 -3025.268947 3047.2689467 -253.2860330 -88.32861753 248.71128880 61.330000000 4.0473158839 247.88000000
 3159.0000000 287248.67464 7396030.0984 -3031.335768 3053.3357681 -263.9453627 -92.64161327 248.89128880 63.030000000 3.9402382883 248.06000000
 3175.0000000 287235.31957 7396024.7639 -3038.351904 3060.3519036 -277.3004334 -97.97614527 249.22128880 64.950000000 3.6426881317 248.39000000
 3188.0000000 287224.29504 7396020.3989 -3043.684855 3065.6848553 -288.3249575 -102.3410554 249.24128880 66.610000000 3.8310004402 248.41000000
 3201.0000000 287213.13233 7396015.9827 -3048.677388 3070.6773880 -299.4876692 -106.7573059 249.25128880 68.220000000 3.7154457055 248.42000000
 3217.0000000 287199.22686 7396010.4912 -3054.381051 3076.3810511 -313.3931404 -112.2487983 249.31128880 70.010000000 3.3578952589 248.48000000
 3232.0000000 287186.03792 7396005.3000 -3059.295318 3081.2953177 -326.5820760 -117.4400305 249.38128880 71.740000000 3.4625271547 248.55000000
 3245.0000000 287174.49999 7396000.7667 -3063.215211 3085.2152108 -338.1200146 -121.9733267 249.38128880 73.160000000 3.2769230769 248.55000000
 3261.0000000 287160.20033 7395995.1222 -3067.656155 3089.6561545 -352.4196669 -127.6177505 249.20128880 74.610000000 2.7380148123 248.37000000
 3273.0000000 287149.40014 7395990.8713 -3070.709293 3092.7092931 -363.2198628 -131.8687092 249.49128880 75.910000000 3.3247665301 248.66000000
 3284.0000000 287139.41172 7395987.0303 -3073.260350 3095.2603505 -373.2082761 -135.7097395 250.10128880 77.270000000 4.0467312525 249.27000000
 3302.0000000 287122.94989 7395980.6959 -3076.856439 3098.8564389 -389.6701097 -142.0441435 249.47128880 79.680000000 4.1463146641 248.64000000
 3315.0000000 287110.93946 7395976.3559 -3079.290673 3101.2906730 -401.6805380 -146.3841258 252.46128880 78.740000000 7.1165610127 251.63000000
 3330.0000000 287096.97364 7395971.7587 -3082.272213 3104.2722127 -415.6463571 -150.9812976 252.76128880 78.330000000 1.0090465735 251.93000000
 3339.0000000 287088.59278 7395969.0445 -3084.121133 3106.1211327 -424.0272183 -153.6955340 253.01128880 77.960000000 1.4785955190 252.18000000
 3355.0000000 287073.69800 7395964.2436 -3087.464108 3109.4641075 -438.9220043 -158.4963854 252.92128880 77.920000000 0.1812689694 252.09000000
 3367.0000000 287062.52273 7395960.6567 -3089.972365 3111.9723655 -450.0972702 -162.0833040 253.15128880 77.950000000 0.5672785986 252.32000000
 3385.0000000 287045.74298 7395955.3193 -3093.720922 3115.7209218 -466.8770199 -167.4206775 253.22128880 78.010000000 0.1517260838 252.39000000
 3396.0000000 287035.47049 7395952.0824 -3095.964738 3117.9647379 -477.1495085 -170.6576008 253.46128880 78.450000000 1.3603678913 252.63000000
 3410.0000000 287022.39199 7395947.9198 -3098.736751 3120.7367505 -490.2280062 -174.8202125 252.89128880 78.710000000 1.3205320963 252.06000000
 3425.0000000 287008.30667 7395943.5048 -3101.410990 3123.4109900 -504.3133268 -179.2351828 253.96128880 80.750000000 4.5912866340 253.13000000
 3439.0000000 286995.13869 7395939.3721 -3103.772296 3125.7722962 -517.4813084 -183.3679101 252.85128880 79.830000000 3.0631779794 252.02000000
 3456.0000000 286979.21582 7395934.0609 -3106.475546 3128.4755459 -533.4041782 -188.6790664 251.92128880 81.870000000 3.9477904678 251.09000000
 3470.0000000 286966.04639 7395929.6789 -3108.323521 3130.3235215 -546.5736088 -193.0610807 252.93128880 82.960000000 3.1714244635 252.10000000
 3485.0000000 286951.79491 7395925.3680 -3110.155669 3132.1556691 -560.8250878 -197.3719998 255.07128880 83.010000000 4.2491338777 254.24000000
 3499.0000000 286938.34788 7395921.8515 -3111.843855 3133.8438550 -574.2721190 -200.8884534 257.28128880 83.140000000 4.7094074093 256.45000000
 3513.0000000 286924.92535 7395918.2538 -3113.550385 3135.5503855 -587.6946517 -204.4861714 254.37128880 82.860000000 6.2182327212 253.54000000
 3527.0000000 286911.61408 7395914.2374 -3115.204409 3137.2044090 -601.0059202 -208.5026228 253.71128880 83.570000000 2.0705080304 252.88000000
 3534.0000000 286904.97799 7395912.1437 -3115.974989 3137.9749891 -607.6420067 -210.5962649 252.93128880 83.790000000 3.4537289549 252.10000000
 3541.0000000 286898.36810 7395909.9628 -3116.728565 3138.7285652 -614.2519024 -212.7771716 252.21128880 83.850000000 3.0785396466 251.38000000
 3570.0000000 286871.29025 7395899.9262 -3119.375223 3141.3752231 -641.3297541 -222.8137662 248.78128880 85.680000000 4.0085122253 247.95000000
 3587.0000000 286855.66176 7395893.3243 -3120.482697 3142.4826969 -656.9582399 -229.4157011 247.08128880 86.850000000 3.6365507003 246.25000000
 3598.0000000 286845.66927 7395888.7514 -3120.998981 3142.9989815 -666.9507277 -233.9885913 245.40128880 87.770000000 5.2193772518 244.57000000
 3616.0000000 286829.49550 7395880.8664 -3121.567528 3143.5675282 -683.1245029 -241.8736449 244.28128880 88.610000000 2.3325748921 243.45000000
 3627.0000000 286819.65737 7395875.9462 -3121.770061 3143.7700610 -692.9626341 -246.7937890 244.24128880 89.280000000 1.8305251367 243.41000000
 3641.0000000 286807.12128 7395869.7109 -3121.945986 3143.9459860 -705.4987181 -253.0290525 244.53128880 89.280000000 0.6213795059 243.70000000
 3656.0000000 286793.66670 7395863.0759 -3122.093900 3144.0939001 -718.9533009 -259.6641406 244.63128880 89.590000000 0.6514568388 243.80000000
 3671.0000000 286780.23859 7395856.3867 -3122.201238 3144.2012378 -732.3814147 -266.3533229 244.07128880 89.590000000 1.1199713244 243.24000000
 3685.0000000 286767.76950 7395850.0169 -3122.297755 3144.2977546 -744.8504962 -272.7231161 243.47128880 89.620000000 1.2872898950 242.64000000
 3701.0000000 286753.56220 7395842.6541 -3122.451341 3144.4513410 -759.0577953 -280.0859335 243.40128880 89.280000000 0.6508695527 242.57000000
 3713.0000000 286742.91567 7395837.1165 -3122.633546 3144.6335462 -769.7043322 -285.6234668 243.30128880 88.980000000 0.7905602115 242.47000000
 3730.0000000 286727.85472 7395829.2311 -3122.918371 3144.9183709 -784.7652789 -293.5088878 243.09128880 89.100000000 0.4267801883 242.26000000
 3743.0000000 286716.32756 7395823.2202 -3123.136179 3145.1361786 -796.2924392 -299.5198034 243.49128880 88.980000000 0.9635963365 242.66000000
 3756.0000000 286704.75201 7395817.3056 -3123.412969 3145.4129685 -807.8679922 -305.4344215 244.04128880 88.580000000 1.5691656751 243.21000000
 3771.0000000 286691.40647 7395810.4675 -3123.865816 3145.8658157 -821.2135339 -312.2725112 243.36128880 87.960000000 1.8399717798 242.53000000
 3786.0000000 286678.04585 7395803.6599 -3124.331753 3146.3317525 -834.5741490 -319.0800931 244.30128880 88.480000000 2.1476884057 243.47000000
 3800.0000000 286665.48728 7395797.4735 -3124.593187 3146.5931874 -847.1327205 -325.2664986 244.91128880 89.380000000 2.3296736290 244.08000000
 3814.0000000 286652.93182 7395791.2805 -3124.847294 3146.8472940 -859.6881771 -331.4595416 244.24128880 88.540000000 2.3022943980 243.41000000
 3828.0000000 286640.47194 7395784.9030 -3125.218666 3147.2186665 -872.1480568 -337.8369801 243.21128880 88.420000000 2.2212997277 242.38000000
 3843.0000000 286627.15776 7395778.0001 -3125.611322 3147.6113224 -885.4622366 -344.7398975 243.64128880 88.580000000 0.9173291221 242.81000000
 3856.0000000 286615.38801 7395772.4917 -3125.941565 3147.9415651 -897.2319929 -350.2482795 247.86128880 88.510000000 9.7366597125 247.03000000
 3871.0000000 286601.56778 7395766.6652 -3126.294962 3148.2949617 -911.0522223 -356.0748349 248.08128880 88.790000000 0.7121040332 247.25000000
 3886.0000000 286587.77826 7395760.7663 -3126.644438 3148.6444379 -924.8417350 -361.9736605 247.26128880 88.540000000 1.7140991197 246.43000000
 3904.0000000 286571.35196 7395753.4064 -3126.952305 3148.9523054 -941.2680433 -369.3336145 246.13128880 89.500000000 2.4709965213 245.30000000
 3914.0000000 286562.27774 7395749.2010 -3127.026481 3149.0264814 -950.3422571 -373.5390106 245.80128880 89.650000000 1.0874490859 244.97000000
 3931.0000000 286546.90059 7395741.9470 -3127.148130 3149.1481304 -965.7194147 -380.7930261 245.35128880 89.530000000 0.8218482865 244.52000000
 3943.0000000 286536.09125 7395736.7320 -3127.237142 3149.2371420 -976.5287482 -386.0080198 244.80128880 89.620000000 1.3932500089 243.97000000
 3958.0000000 286522.70223 7395729.9657 -3127.344486 3149.3444855 -989.9177657 -392.7742661 243.24128880 89.560000000 3.1222268698 242.41000000
 3972.0000000 286510.31188 7395723.4441 -3127.444667 3149.4446668 -1002.308125 -399.2959438 242.90128880 89.620000000 0.7398105903 242.07000000
 3987.0000000 286497.10675 7395716.3249 -3127.552005 3149.5520054 -1015.513252 -406.4151292 242.10128880 89.560000000 1.6044527660 241.27000000
 4000.0000000 286485.74622 7395710.0016 -3127.641629 3149.6416286 -1026.873780 -412.7383506 241.36128880 89.650000000 1.7202354233 240.53000000
 4015.0000000 286472.70268 7395702.5903 -3127.748966 3149.7489656 -1039.917321 -420.1496565 241.09128880 89.530000000 0.5909187439 240.26000000
 4029.0000000 286460.63130 7395695.4967 -3127.878474 3149.8784736 -1051.988700 -427.2432598 239.69128880 89.410000000 3.0108718071 238.86000000
 4044.0000000 286447.84158 7395687.6561 -3128.009373 3150.0093734 -1064.778424 -435.0839248 238.95128880 89.590000000 1.5230992717 238.12000000
 4058.0000000 286435.98270 7395680.2112 -3128.068017 3150.0680166 -1076.637297 -442.5287906 238.47128880 89.930000000 1.2604577909 237.64000000
 4072.0000000 286424.11263 7395672.7867 -3127.899425 3149.8994248 -1088.507371 -449.9532940 239.14128880 91.450000000 3.5594712025 238.31000000
 4087.0000000 286411.32480 7395664.9472 -3127.610155 3149.6101553 -1101.295204 -457.7927941 239.50128880 90.760000000 1.5564706669 238.67000000
 4115.0000000 286387.39791 7395650.3965 -3127.563731 3149.5637306 -1125.222090 -472.3435087 239.55128880 89.430000000 1.4260065782 238.72000000
 4145.0000000 286361.40414 7395635.4161 -3127.773205 3149.7732054 -1151.215862 -487.3238826 242.20128880 89.770000000 2.6716543688 241.37000000
 4165.0000000 286343.87284 7395625.7841 -3127.863962 3149.8639624 -1168.747162 -496.9558795 241.89128880 89.710000000 0.4736248808 241.06000000
 4175.0000000 286335.09642 7395620.9891 -3127.776699 3149.7766991 -1177.523585 -501.7509176 242.47128880 91.290000000 5.0492353427 241.64000000
 4189.0000000 286322.76072 7395614.3678 -3127.553133 3149.5531331 -1189.859280 -508.3722290 242.74128880 90.540000000 1.7080875021 241.91000000
 4197.0000000 286315.71353 7395610.5788 -3127.531491 3149.5314911 -1196.906470 -512.1612237 242.39128880 89.770000000 3.1717934935 241.56000000
 4202.0000000 286311.31942 7395608.1915 -3127.558544 3149.5585436 -1201.300578 -514.5485349 242.24128880 89.610000000 1.3158935223 241.41000000
 4219.0000000 286296.42537 7395599.9915 -3127.700962 3149.7009616 -1216.194634 -522.7485154 241.75128880 89.430000000 0.9211746985 240.92000000
 4231.0000000 286285.89900 7395594.2272 -3127.820342 3149.8203419 -1226.721001 -528.5127650 242.50128880 89.430000000 1.8749072149 241.67000000
 4247.0000000 286271.73586 7395586.7803 -3127.975330 3149.9753303 -1240.884140 -535.9596691 243.69128880 89.460000000 2.2318542470 242.86000000
 4260.0000000 286260.10911 7395580.9619 -3128.094451 3150.0944510 -1252.510892 -541.7781473 244.80128880 89.490000000 2.5623663155 243.97000000
 4277.0000000 286244.78374 7395573.5994 -3128.227969 3150.2279692 -1267.836261 -549.1406296 245.54128880 89.610000000 1.3229010524 244.71000000
 4289.0000000 286233.97218 7395568.3891 -3128.315935 3150.3159347 -1278.647825 -554.3508960 244.66128880 89.550000000 2.2050486349 243.83000000
 4306.0000000 286218.75833 7395560.7987 -3128.445002 3150.4450021 -1293.861672 -561.9412705 243.97128880 89.580000000 1.2187623362 243.14000000
 4317.0000000 286208.94588 7395555.8238 -3128.519876 3150.5198762 -1303.674120 -566.9162163 243.92128880 89.640000000 0.2130047830 243.09000000
 4335.0000000 286192.82049 7395547.8225 -3128.733504 3150.7335042 -1319.799514 -574.9174961 244.96128880 89.000000000 2.0351333595 244.13000000
 4346.0000000 286182.93014 7395543.0061 -3128.883249 3150.8832486 -1329.689861 -579.7339023 244.77128880 89.440000000 1.3070812203 243.94000000
 4364.0000000 286166.74640 7395535.1214 -3129.041897 3151.0418971 -1345.873601 -587.6185616 244.94128880 89.550000000 0.3374650026 244.11000000
 4375.0000000 286156.84993 7395530.3159 -3129.125410 3151.1254103 -1355.770067 -592.4240656 244.92128880 89.580000000 0.0983323443 244.09000000
 4392.0000000 286141.54938 7395522.9012 -3129.221839 3151.2218392 -1371.070622 -599.8388300 245.03128880 89.770000000 0.3874307155 244.20000000
 4405.0000000 286129.83552 7395517.2586 -3129.270621 3151.2706211 -1382.784483 -605.4814132 245.19128880 89.800000000 0.3756625315 244.36000000
 4422.0000000 286114.51739 7395509.8798 -3129.334413 3151.3344127 -1398.102610 -612.8601770 245.03128880 89.770000000 0.2872713476 244.20000000
 4432.0000000 286105.52806 7395505.4954 -3129.371937 3151.3719374 -1407.091939 -617.2446018 244.63128880 89.800000000 1.2033618286 243.80000000
 4471.0000000 286070.57458 7395488.1822 -3129.440005 3151.4400053 -1442.045424 -634.5578041 244.33128880 90.000000000 0.2773497082 243.50000000
