# WELL TRACE FROM PETREL 
# WELL NAME:              7-PPT-16HP-RJS
# DEFINITIVE SURVEY:      Explicit survey 1
# WELL HEAD X-COORDINATE: 289519.51000000 (m)
# WELL HEAD Y-COORDINATE: 7397832.09000000 (m)
# WELL DATUM (KB, Kelly bushing, from MSL): 21.00000000 (m)
# WELL TYPE:              OIL
# MD AND TVD ARE REFERENCED (=0) AT WELL DATUM AND INCREASE DOWNWARDS
# ANGLES ARE GIVEN IN DEGREES
# XYZ TRACE IS GIVEN IN COORDINATE SYSTEM BRAZIL SIRGAS 2000 (WGS84) UTM24S CM 39W (Brazil SIRGAS 2000 (WGS84) UTM24S Lon range 42W - 36W) [Chevron,720787]
# AZIM_TN: azimuth in True North 
# AZIM_GN: azimuth in Grid North 
# DX DY ARE GIVEN IN GRID NORTH IN m-UNITS
# DEPTH (Z, tvd_z) GIVEN IN m-UNITS
#===============================================================================================================================================
      MD            X            Y            Z           TVD           DX          DY        AZIM_TN        INCL         DLS        AZIM_GN
#===============================================================================================================================================
 0.0000000000 289519.51000 7397832.0900 21.000000000 0.0000000000 -0.000000004 -0.000000001 0.8228390226 0.0000000000 0.0000000000 0.0000000001
 1202.0000000 289519.51000 7397832.0900 -1181.000000 1202.0000000 -0.000000004 -0.000000001 0.8228390226 0.0000000000 0.0000000000 0.0000000001
 1281.0000000 289519.79975 7397831.5806 -1259.997102 1280.9971022 0.2897512255 -0.509433131 151.19283832 0.8500000201 0.3227848178 150.36999930
 1291.0000000 289519.89149 7397831.4776 -1269.996134 1290.9961342 0.3814911945 -0.612444375 125.80284586 0.7699999887 1.0933675200 124.98000683
 1319.0000000 289520.18720 7397831.2651 -1297.993767 1318.9937666 0.6771977817 -0.824855518 127.27283949 0.7200000158 0.0573478192 126.45000047
 1349.0000000 289520.42344 7397831.0749 -1327.992203 1348.9922026 0.9134373523 -1.015061628 133.57284272 0.4399999859 0.2867511752 132.75000369
 1368.0000000 289520.54219 7397830.9502 -1346.991416 1367.9914155 1.0321878471 -1.139772386 139.90284472 0.5999999954 0.2680443651 139.08000570
 1378.0000000 289520.62144 7397830.8997 -1356.990959 1377.9909586 1.1114412321 -1.190250519 104.46284130 0.5299999479 1.0509964689 103.64000227
 1406.0000000 289520.89464 7397830.7602 -1384.989239 1405.9892390 1.3846416716 -1.329814474 127.32284254 0.7500000209 0.3567059511 126.50000352
 1436.0000000 289521.21001 7397830.5497 -1414.986840 1435.9868404 1.7000111149 -1.540332400 121.57284238 0.6999999946 0.0882200541 120.75000336
 1465.0000000 289521.50115 7397830.4042 -1443.985006 1464.9850062 1.9911489297 -1.685819786 112.39284182 0.5899999581 0.1557883092 111.57000280
 1492.0000000 289521.73883 7397830.3133 -1470.983804 1491.9838037 2.2288336632 -1.776748298 110.99284026 0.4900000122 0.1120658046 110.17000123
 1520.0000000 289521.95392 7397830.1351 -1498.982357 1519.9823566 2.4439226202 -1.954852691 143.93284362 0.6999999946 0.4209739987 143.11000459
 1551.0000000 289522.28068 7397829.7682 -1529.978389 1550.9783888 2.7706757314 -2.321784678 136.14285011 1.1200000127 0.4227926113 135.32001109
 1581.0000000 289522.73128 7397829.2831 -1559.971049 1580.9710490 3.2212832014 -2.806943357 139.36283616 1.4099999197 0.2984719902 138.53999714
 1606.0000000 289523.12962 7397828.8373 -1584.963901 1605.9639008 3.6196187496 -3.252688724 138.69283798 1.3300000484 0.0979038220 137.86999895
 1630.0000000 289523.47646 7397828.4182 -1608.957731 1629.9577306 3.9664631003 -3.671808984 143.85284178 1.2699999315 0.1643552025 143.03000276
 1638.0000000 289523.58192 7397828.2509 -1616.955274 1637.9552737 4.0719211471 -3.839068817 152.42284934 1.5700000892 1.3753700674 151.60001032
 1667.0000000 289523.98004 7397827.2857 -1645.936066 1666.9360656 4.4700448451 -4.804337716 162.06284900 2.5699999748 1.0918102157 161.24000998
 1727.0000000 289524.48453 7397823.6896 -1705.822688 1726.8226882 4.9745329932 -8.400354252 179.05283971 4.4399999016 1.0596935067 178.23000069
 1756.0000000 289524.37540 7397821.1216 -1734.707790 1755.7077901 4.8654029813 -10.96844959 186.50283687 5.7499998754 1.5154436883 185.67999784
 1792.0000000 289524.08202 7397817.4046 -1770.514155 1791.5141547 4.5720227713 -14.68536639 184.24284230 6.1399998350 0.3789842291 183.42000327
 1830.0000000 289523.89160 7397813.3543 -1808.297254 1829.2972539 4.3815967703 -18.73568380 182.78285080 6.1099999367 0.1252388813 181.96001178
 1855.0000000 289523.76355 7397810.6594 -1833.151271 1854.1512709 4.2535516120 -21.43062560 184.28285084 6.2800003569 0.2816686403 183.46001182
 1870.0000000 289523.63737 7397809.0012 -1848.058817 1869.0588172 4.1273671874 -23.08880893 186.04284540 6.4499999234 0.5175345045 185.22000637
 1882.0000000 289523.53294 7397807.5936 -1859.975474 1880.9754739 4.0229353053 -24.49644438 184.17285023 7.0599998493 1.6209147311 183.35001121
 1896.0000000 289523.44848 7397805.7256 -1873.849802 1894.8498019 3.9384769092 -26.36438919 182.76284653 8.2899995249 2.6662277828 181.94000750
 1906.0000000 289523.41171 7397804.2271 -1883.736794 1904.7367944 3.9017120298 -27.86289582 181.73284772 8.9499998506 2.0333656186 180.91000870
 1935.0000000 289523.55152 7397799.1791 -1912.291873 1933.2918734 4.0415216456 -32.91085372 177.22283783 11.119999615 2.3858309159 176.39999881
 1946.0000000 289523.73127 7397796.9454 -1923.060998 1944.0609985 4.2212700238 -35.14461777 175.32284388 12.389999867 3.6204867533 174.50000486
 1960.0000000 289524.08618 7397793.7897 -1936.695803 1957.6958029 4.5761769524 -38.30025232 173.58283834 13.830000112 3.1991732641 172.75999931
 1973.0000000 289524.54287 7397790.6358 -1949.299139 1970.2991389 5.0328673275 -41.45416115 171.63284133 14.550000234 1.9941683186 170.81000231
 1988.0000000 289525.22313 7397786.9012 -1963.810920 1984.8109195 5.7131342735 -45.18880650 169.38284127 14.770000627 1.2208202856 168.56000225
 2000.0000000 289525.85684 7397783.8572 -1975.401188 1996.4011884 6.3468439389 -48.23280882 168.75283637 15.260000106 1.2911524844 167.92999735
 2015.0000000 289526.72442 7397779.9005 -1989.843930 2010.8439302 7.2144152986 -52.18950875 168.17284978 16.069999070 1.6499779385 167.35001076
 2026.0000000 289527.41493 7397776.8768 -2000.397692 2021.3976920 7.9049325307 -55.21323891 167.75283634 16.679999849 1.6946821864 166.92999732
 2039.0000000 289528.28899 7397773.1717 -2012.827923 2033.8279234 8.7789949279 -58.91830670 167.35284244 17.370000927 1.6150740498 166.53000341
 2053.0000000 289529.31272 7397769.0049 -2026.154230 2047.1542302 9.8027211317 -63.08511168 166.70284852 18.319999986 2.0799469392 165.88000950
 2076.0000000 289531.12515 7397761.6527 -2047.871368 2068.8713681 11.615153564 -70.43725369 167.22283755 20.120000719 2.3583974408 166.39999853
 2090.0000000 289532.36266 7397756.8364 -2060.958285 2081.9582850 12.852662379 -75.25363946 165.65284544 21.490000063 3.1693461835 164.83000642
 2103.0000000 289533.65285 7397752.1246 -2073.005514 2094.0055141 14.142854234 -79.96542067 165.37284665 22.650000118 2.6879031139 164.55000763
 2117.0000000 289535.15523 7397746.7695 -2085.853231 2106.8532313 15.645226393 -85.32047962 164.94283871 24.159999557 3.2563292590 164.11999968
 2130.0000000 289536.66935 7397741.5325 -2097.655064 2118.6550643 17.159350945 -90.55745639 164.46284297 25.420000411 2.9445309400 163.64000394
 2142.0000000 289538.16367 7397736.4920 -2108.442261 2129.4422614 18.653669411 -95.59798002 164.16283991 26.540001171 2.8192031337 163.34000088
 2155.0000000 289539.86698 7397730.8457 -2120.027813 2141.0278127 20.356977834 -101.2442775 163.91283990 27.409999932 2.0246687768 163.09000088
 2168.0000000 289541.65369 7397725.0060 -2131.504323 2152.5043225 22.143690678 -107.0839723 163.71284295 28.620000387 2.8007074990 162.89000392
 2182.0000000 289543.67186 7397718.4644 -2143.716616 2164.7166165 24.161859958 -113.6255505 163.64285088 29.919998829 2.7866755144 162.82001186
 2195.0000000 289545.63337 7397712.1577 -2154.914130 2175.9141305 26.123372207 -119.9322581 163.45284843 31.140000388 2.8241820682 162.63000941
 2209.0000000 289547.85015 7397705.0975 -2166.798737 2187.7987367 28.340145414 -126.9924632 163.33283805 32.669996913 3.2813785301 162.50999903
 2220.0000000 289549.66257 7397699.3670 -2176.011978 2197.0119781 30.152570712 -132.7230372 163.21284293 33.560001298 2.4338593194 162.39000391
 2233.0000000 289551.87636 7397692.4328 -2186.783628 2207.7836283 32.366364672 -139.6571680 163.02284048 34.529997443 2.2518695274 162.20000146
 2246.0000000 289554.15481 7397685.3212 -2197.425294 2218.4252938 34.644811232 -146.7687996 163.09284781 35.580002424 2.4248641209 162.27000879
 2258.0000000 289556.28919 7397678.5797 -2207.121048 2228.1210480 36.779193704 -153.5102671 163.41283988 36.619997763 2.6423597432 162.59000086
 2272.0000000 289558.81139 7397670.5089 -2218.279692 2239.2796915 39.301388464 -161.5811174 163.52284050 37.679998726 2.2758859632 162.70000148
 2285.0000000 289561.19816 7397662.8123 -2228.481587 2249.4815874 41.688156256 -169.2776834 163.66283989 38.919999080 2.8685348447 162.84000087
 2298.0000000 289563.65980 7397654.9098 -2238.506744 2259.5067442 44.149804557 -177.1802103 163.38284110 40.159999433 2.8909480195 162.56000208
 2311.0000000 289566.18565 7397646.8497 -2248.389749 2269.3897487 46.675648397 -185.2403056 163.46284294 40.869997597 1.6428409587 162.64000392
 2326.0000000 289569.15501 7397637.4154 -2259.668135 2280.6681346 49.645005702 -194.6746236 163.24284171 41.620000179 1.5277954031 162.42000269
 2336.0000000 289571.18835 7397631.0348 -2267.095432 2288.0954320 51.678350854 -201.0552313 163.05283926 42.450001352 2.5190823727 162.23000024
 2349.0000000 289573.89324 7397622.6076 -2276.618392 2297.6183921 54.383236655 -209.4823524 163.00283621 43.349998303 2.0784007560 162.17999719
 2363.0000000 289576.87609 7397613.3563 -2286.694896 2307.6948958 57.366092384 -218.7336692 162.90284536 44.580002675 2.6399169341 162.08000634
 2375.0000000 289579.49487 7397605.2654 -2295.162262 2316.1622617 59.984872853 -226.8245711 162.87284658 45.659999017 2.7005137164 162.05000756
 2388.0000000 289582.39286 7397596.3252 -2304.145193 2325.1451925 62.882860836 -235.7648039 162.85284231 46.919998164 2.9078817808 162.03000329
 2404.0000000 289586.04335 7397585.0904 -2314.937916 2335.9379164 66.533351234 -246.9996024 162.79284475 48.240000523 2.4763970852 161.97000573
 2417.0000000 289589.07838 7397575.7912 -2323.501600 2344.5016001 69.568381526 -256.2987808 162.70284841 49.349998470 2.5662944777 161.88000939
 2430.0000000 289592.18303 7397566.3376 -2331.868988 2352.8689878 72.673029041 -265.7524130 162.58283803 50.519999630 2.7083081557 161.75999901
 2444.0000000 289595.60128 7397555.9715 -2340.637414 2361.6374143 76.091282450 -276.1184866 162.56284902 51.919997165 3.0001805132 161.74000999
 2453.0000000 289597.84576 7397549.2069 -2346.134270 2367.1342700 78.335758724 -282.8831167 162.37284657 52.789999340 2.9430455253 161.55000755
 2466.0000000 289601.16026 7397539.3127 -2353.889615 2374.8896146 81.650262004 -292.7772941 162.23284718 53.959997085 2.7124150145 161.41000815
 2480.0000000 289604.79482 7397528.4877 -2361.991393 2382.9913926 85.284823684 -303.6022757 162.29284474 55.320000447 2.9161782196 161.47000571
 2495.0000000 289608.77395 7397516.7090 -2370.385627 2391.3856271 89.263948213 -315.3810208 162.02284046 56.619997182 2.6382243976 161.20000143
 2507.0000000 289612.02963 7397507.1702 -2376.900121 2397.9001215 92.519634752 -324.9197845 161.93284412 57.620001763 2.5071412226 161.11000509
 2520.0000000 289615.61669 7397496.7381 -2383.780352 2404.7803516 96.106691088 -335.3518501 161.76284594 58.469998314 1.9895703560 160.94000692
 2534.0000000 289619.54109 7397485.4086 -2391.010704 2412.0107038 100.03108562 -346.6814365 161.67284960 59.340000490 1.8715898231 160.85001058
 2547.0000000 289623.24670 7397474.8006 -2397.550880 2418.5508802 103.73669580 -357.2893534 161.46284288 60.250000254 2.1413573496 160.64000386
 2559.0000000 289626.70938 7397464.9238 -2403.423410 2424.4234099 107.19937997 -367.1662140 161.54284472 61.150000620 2.2567508709 160.72000569
 2571.0000000 289630.18749 7397454.9612 -2409.140064 2430.1400640 110.67748776 -377.1287912 161.61283678 61.950000187 2.0059073424 160.78999776
 2584.0000000 289633.99158 7397444.0956 -2415.181971 2436.1819711 114.48157924 -387.9943728 161.44283861 62.659998351 1.6748724437 160.61999959
 2600.0000000 289638.71407 7397430.6855 -2422.525326 2443.5253264 119.20407380 -401.4045346 161.40284532 62.700002769 0.1003238733 160.58000630
 2618.0000000 289644.02720 7397415.5770 -2430.746097 2451.7460971 124.51719862 -416.5129521 161.49284166 62.950001353 0.4375094390 160.67000264
 2651.0000000 289653.75498 7397387.8765 -2445.822631 2466.8226311 134.24498305 -444.2134749 161.45284838 62.679997145 0.2475798263 160.63000935
 2677.0000000 289661.46500 7397366.0922 -2457.745517 2478.7455170 141.95499950 -465.9977837 161.21284288 62.730000960 0.2527682740 160.39000385
 2716.0000000 289673.08757 7397333.4345 -2475.626802 2496.6268017 153.57756705 -498.6555162 161.25283616 62.689996542 0.0411634192 160.42999714
 2755.0000000 289684.78758 7397300.8028 -2493.505096 2514.5050956 165.27758068 -531.2871752 160.94283860 62.740000357 0.2153902537 160.11999957
 2792.0000000 289695.93841 7397269.8644 -2510.469395 2531.4693953 176.42841425 -562.2256224 161.06284897 62.679997145 0.0992215885 160.24000995
 2832.0000000 289707.88210 7397236.3504 -2528.759541 2549.7595405 188.37209683 -595.7395709 161.35284227 62.900004369 0.2542447581 160.53000325
 2871.0000000 289719.35151 7397203.5810 -2546.534926 2567.5349255 199.84150519 -628.5090218 161.71284289 62.869999348 0.2475660424 160.89000387
 2911.0000000 289730.96237 7397169.9182 -2564.766052 2585.7660515 211.45236947 -662.1718162 161.87284656 62.900004369 0.1091584984 161.05000753
 2950.0000000 289742.32641 7397137.1104 -2582.538395 2603.5383954 222.81641015 -694.9796156 161.56284899 62.879998745 0.2128179528 160.74000997
 2988.0000000 289753.46193 7397105.1608 -2599.846152 2620.8461517 233.95193242 -726.9291979 161.65284533 62.930002559 0.0745603891 160.83000631
 3027.0000000 289764.90435 7397072.3950 -2617.645724 2638.6457241 245.39435355 -759.6949734 161.49284166 62.759999151 0.1705708687 160.67000264
 3067.0000000 289776.58573 7397038.8040 -2635.963819 2656.9638190 257.07572920 -793.2860276 161.80283923 62.730000960 0.2079064484 160.98000021
 3105.0000000 289787.56305 7397006.8606 -2653.383664 2674.3836641 268.05305140 -825.2294132 161.91283984 62.700002769 0.0807320518 161.09000082
 3120.0000000 289791.85819 7396994.2403 -2660.263414 2681.2634141 272.34818860 -837.8497316 162.14285084 62.700002769 0.4087834161 161.32001181
 3144.0000000 289798.69829 7396974.1301 -2671.439907 2692.4399073 279.18829008 -857.9598779 161.93284412 61.790003006 1.1609778541 161.11000509
 3182.0000000 289809.67994 7396942.3021 -2689.065459 2710.0654589 290.16993900 -889.7878988 161.64285082 62.939995126 0.9302670480 160.82001180
 3223.0000000 289821.58565 7396907.7649 -2707.688672 2728.6886718 302.07565496 -924.3250523 161.96284290 63.029996529 0.2187414025 161.14000387
 3263.0000000 289833.05790 7396874.0178 -2725.851412 2746.8514122 313.54789901 -958.0722216 162.13284107 62.960000750 0.1251407385 161.31000205
 3301.0000000 289843.90239 7396841.9428 -2743.111915 2764.1119147 324.39238791 -990.1472246 162.15284534 63.009997735 0.0419039247 161.33000632
 3323.0000000 289850.02762 7396823.3186 -2753.098170 2774.0981698 330.51761817 -1008.771395 163.08283804 62.999998338 1.1300793327 162.25999902
 3340.0000000 289854.48967 7396808.8417 -2760.816240 2781.8162402 334.97966614 -1023.248260 164.30283930 62.999998338 1.9182791094 163.48000028
 3354.0000000 289857.94734 7396796.8467 -2767.156961 2788.1569605 338.43733962 -1035.243341 165.18284421 63.139996725 1.7077893180 164.36000518
 3378.0000000 289863.43949 7396776.0860 -2777.877480 2798.8774803 343.92948840 -1056.003954 166.82284364 63.799997905 2.0111116096 166.00000462
 3392.0000000 289866.37590 7396763.8498 -2784.016990 2805.0169896 346.86590263 -1068.240177 167.83283818 64.180002310 2.1086334597 167.00999915
 3417.0000000 289871.12565 7396741.7944 -2794.792155 2815.7921547 351.61564562 -1090.295617 169.50283639 64.760001483 1.9376199871 168.67999737
 3431.0000000 289873.49943 7396729.3322 -2800.716689 2821.7166890 353.98942747 -1102.757814 170.57284375 65.169997249 2.2555804745 169.75000472
 3444.0000000 289875.49369 7396717.6830 -2806.134647 2827.1346469 355.98369359 -1114.407042 171.64285110 65.570000447 2.4269761258 170.82001208
 3456.0000000 289877.16268 7396706.8706 -2811.068109 2832.0681092 357.65267721 -1125.219438 172.45284868 65.879995413 2.0020270092 171.63000966
 3470.0000000 289878.89719 7396694.1910 -2816.748062 2837.7480619 359.38719246 -1137.898986 173.61283712 66.250000421 2.4062988794 172.78999809
 3483.0000000 289880.25869 7396682.3504 -2821.942378 2842.9423778 360.74868529 -1149.739592 174.91284020 66.650003619 2.9009075613 174.09000118
 3496.0000000 289881.29582 7396670.4760 -2827.133763 2848.1337631 361.78581828 -1161.614034 176.75283659 66.279998611 3.9854397242 175.92999757
 3507.0000000 289881.87234 7396660.4563 -2831.638723 2852.6387227 362.36234152 -1171.633689 178.31284945 65.369998848 4.6069947760 177.49001043
 3516.0000000 289882.16878 7396652.2996 -2835.433072 2856.4330717 362.65878461 -1179.790428 179.17285009 64.760001483 3.3002208337 178.35001107
 3532.0000000 289882.54035 7396637.8785 -2842.357734 2863.3577336 363.03035334 -1194.211474 179.52284094 63.950002520 1.6298967606 178.70000192
 3544.0000000 289882.57043 7396627.0911 -2847.615923 2868.6159227 363.06042595 -1204.998919 181.80283979 64.080001510 5.1340077150 180.98000076
 3556.0000000 289882.29095 7396616.3060 -2852.872720 2873.8727200 362.78094854 -1215.784036 182.81284958 63.960001916 2.2895959748 181.99001056
 3566.0000000 289881.92879 7396607.3268 -2857.261958 2878.2619577 362.41879010 -1224.763238 183.45284899 63.970001313 1.7254275865 182.63000997
 3583.0000000 289881.05178 7396592.0890 -2864.751846 2885.7518459 361.54178271 -1240.000999 184.78285086 63.750000920 2.1424634838 183.96001183
 3594.0000000 289880.32238 7396582.2713 -2869.661757 2890.6617567 360.81237754 -1249.818700 185.36283744 63.229998128 2.0036921134 184.53999842
 3611.0000000 289878.95734 7396567.2320 -2877.472110 2898.4721103 359.44733698 -1264.858039 186.66284053 62.069999781 2.8883001050 185.84000151
 3627.0000000 289877.38943 7396553.2672 -2885.125083 2906.1250834 357.87942901 -1278.822771 187.80283995 60.779995612 3.0616520225 186.98000093
 3633.0000000 289876.72788 7396548.0878 -2888.081910 2909.0819099 357.21787946 -1284.002237 188.40284607 60.169998248 4.0145636329 187.58000705
 3646.0000000 289875.14150 7396537.0042 -2894.689669 2915.6896693 355.63150122 -1295.085754 189.54284549 58.729996295 4.0218313686 188.72000647
 3659.0000000 289873.34376 7396526.0769 -2901.500679 2922.5006795 353.83376496 -1306.013118 190.79284553 58.080001343 2.8786784632 189.97000651
 3672.0000000 289871.29575 7396515.1835 -2908.295266 2929.2952657 351.78575388 -1316.906529 192.14285167 58.899999704 3.2611292746 191.32001265
 3685.0000000 289868.96169 7396504.2430 -2914.919824 2935.9198238 349.45169142 -1327.846981 193.58283889 59.829998261 3.5750255885 192.75999987
 3698.0000000 289866.32407 7396493.2713 -2921.376779 2942.3767791 346.81406993 -1338.818660 195.09284870 60.609999034 3.5195042677 194.27000968
 3711.0000000 289863.37540 7396482.2988 -2927.696425 2948.6964255 343.86540023 -1349.791153 196.63284203 61.220003229 3.4097842530 195.81000301
 3726.0000000 289859.62971 7396469.6899 -2934.909265 2955.9092651 340.11971345 -1362.400101 198.10284329 61.299998405 2.5827690041 197.28000427
 3740.0000000 289855.80732 7396458.0125 -2941.622049 2962.6220493 336.29732256 -1374.077464 199.79284578 61.399999204 3.1852323077 198.97000676
 3750.0000000 289852.85526 7396449.7137 -2946.358433 2967.3584332 333.34526380 -1382.376293 201.01284703 62.060000384 3.7829612906 200.19000801
 3767.0000000 289847.40061 7396435.6430 -2954.187610 2975.1876102 327.89060722 -1396.447048 203.00283732 63.099999138 3.6172728061 202.17999830
 3780.0000000 289842.84865 7396424.9512 -2960.017953 2981.0179529 323.33865018 -1407.138838 204.76284714 63.610002533 3.8162015602 203.94000812
 3789.0000000 289839.51313 7396417.5931 -2963.986626 2984.9866261 320.00313367 -1414.496911 205.65284655 64.059995886 3.0560799032 204.83000753
 3806.0000000 289832.82819 7396403.7730 -2971.291072 2992.2910721 313.31818842 -1428.317007 207.61283806 65.050004485 3.5786411685 206.78999904
 3818.0000000 289827.81224 7396394.0904 -2976.302753 2997.3027531 308.30224290 -1437.999603 208.80284054 65.579999844 3.0103894495 207.98000152
 3828.0000000 289823.45604 7396386.0774 -2980.406060 3001.4060595 303.94604493 -1446.012574 209.90284667 65.970003646 3.2288463062 209.08000765
 3842.0000000 289817.08081 7396374.9486 -2986.022349 3007.0223487 297.57080557 -1457.141361 211.35284366 66.730005625 3.2791352852 210.53000464
 3854.0000000 289811.33819 7396365.5061 -2990.700734 3011.7007335 291.82819391 -1466.583910 212.90284676 67.379993747 3.9209421670 212.08000773
 3868.0000000 289804.32150 7396354.6106 -2996.000873 3017.0008726 284.81150371 -1477.479432 214.30284069 68.129996329 3.2082418461 213.48000167
 3880.0000000 289798.02726 7396345.3825 -3000.388384 3021.3883841 278.51725542 -1486.707514 215.93284562 68.979999711 4.3475506924 215.11000660
 3893.0000000 289790.88307 7396335.5248 -3004.950864 3025.9508635 271.37307042 -1496.565183 217.57284505 69.929997062 4.1671217294 216.75000603
 3908.0000000 289782.29144 7396324.2963 -3009.965498 3030.9654983 262.78144074 -1507.793713 218.91284143 71.010000234 3.3234046469 218.09000241
 3921.0000000 289774.59601 7396314.6602 -3014.084048 3035.0840478 255.08601451 -1517.429766 219.95285000 72.050005818 3.3078433057 219.13001098
 3933.0000000 289767.31073 7396305.8321 -3017.692533 3038.6925331 247.80072656 -1526.257935 220.75283782 72.949999355 2.9496640801 219.92999880
 3946.0000000 289759.26449 7396296.3258 -3021.424969 3042.4249689 239.75448992 -1535.764166 221.38284272 73.680003143 2.1857237729 220.56000370
 3961.0000000 289749.79431 7396285.4414 -3025.535663 3046.5356631 230.28431240 -1546.648569 222.31285068 74.510000901 2.4403586530 221.49001166
 3972.0000000 289742.68657 7396277.5476 -3028.398479 3049.3984788 223.17656691 -1554.542377 223.33283972 75.319999865 3.4776617708 222.51000070
 3986.0000000 289733.40911 7396267.6356 -3031.822189 3052.8221888 213.89911266 -1564.454430 224.52284220 76.370004846 3.3430509442 223.70000317
 4001.0000000 289723.20137 7396257.1793 -3035.215651 3056.2156514 203.69137135 -1574.910708 225.74284345 77.479999378 3.2522379356 224.92000443
 4014.0000000 289714.12247 7396248.2764 -3037.926347 3058.9263467 194.61246795 -1583.813638 227.02284227 78.449995524 3.6546247916 226.20000324
 4025.0000000 289706.28105 7396240.8663 -3040.078960 3061.0789596 186.77105151 -1591.223735 227.86283863 78.980004543 2.6714430706 227.03999960
 4039.0000000 289696.08629 7396231.6111 -3042.618331 3063.6183314 176.57628809 -1600.478857 229.31285087 80.120004096 3.9120428328 228.49001185
 4052.0000000 289686.39431 7396223.2099 -3044.744976 3065.7449756 166.88430908 -1608.880140 230.49284358 81.050002654 3.4383738426 229.67000456
 4063.0000000 289678.03041 7396216.2598 -3046.409849 3067.4098486 158.52041058 -1615.830169 231.70285033 81.540000425 3.5251164705 230.88001131
 4080.0000000 289664.78715 7396205.8704 -3048.802456 3069.8024564 145.27714531 -1626.219647 233.71284489 82.279996780 3.7466640901 232.89000587
 4101.0000000 289647.86535 7396193.6760 -3051.241917 3072.2419174 128.35535187 -1638.413988 236.37284863 84.379999912 4.8211577629 235.55000961
 4123.0000000 289630.23828 7396180.6407 -3053.049067 3074.0490667 110.72827774 -1651.449310 232.31285096 86.199999439 6.0499043155 231.49001194
 4144.0000000 289613.54375 7396168.0070 -3054.693337 3075.6933369 94.033746765 -1664.082984 235.10284432 84.820000698 4.4355622514 234.28000530
 4162.0000000 289598.89860 7396157.6624 -3056.304424 3077.3044236 79.388597784 -1674.427579 236.07284557 84.910002101 1.6171519710 235.25000655
 4185.0000000 289579.87031 7396144.9355 -3058.549014 3079.5490144 60.360308751 -1687.154536 238.02284257 83.890002141 2.8596390238 237.20000355
 4202.0000000 289565.45816 7396136.1018 -3060.363185 3081.3631846 45.948160988 -1695.988228 240.61283898 83.859997120 4.5447946559 239.78999996
 4222.0000000 289548.16671 7396126.2508 -3062.379148 3083.3791476 28.656705322 -1705.839171 241.69284084 84.570002114 1.9318259443 240.87000182
 4241.0000000 289531.70936 7396117.0229 -3064.623679 3085.6236789 12.199355317 -1715.067083 241.39285304 81.860001618 4.3047161553 240.57001402
 4261.0000000 289514.50580 7396107.2558 -3067.581580 3088.5815805 -5.004196806 -1724.834246 241.08284022 81.129997829 1.1876646667 240.26000119
 4282.0000000 289496.43846 7396097.0377 -3070.788869 3091.7888687 -23.07153935 -1735.052285 241.58284023 81.300001238 0.7465151022 240.76000121
 4300.0000000 289480.85838 7396088.4475 -3073.537993 3094.5379932 -38.65161701 -1743.642522 242.32284574 81.129997829 1.2513719703 241.50000672
 4317.0000000 289466.07701 7396080.4634 -3076.154882 3097.1548819 -53.43298801 -1751.626616 242.57284575 81.160002850 0.4391222065 241.75000673
 4339.0000000 289446.86710 7396070.1391 -3079.062390 3100.0623896 -72.64289593 -1761.950860 242.56285124 83.650002954 3.3954815563 241.74001222
 4360.0000000 289428.46257 7396060.2395 -3081.155355 3102.1553553 -91.04743151 -1771.850545 242.53285246 84.910002101 1.8005037850 241.71001344
 4378.0000000 289412.64999 7396051.7660 -3082.656856 3103.6568559 -106.8600065 -1780.324013 242.74284392 85.519992635 1.0748095474 241.92000490
 4398.0000000 289395.05570 7396042.3456 -3083.997982 3104.9979821 -124.4542958 -1789.744388 242.57284575 86.789998010 1.9219220164 241.75000673
 4418.0000000 289377.47648 7396032.8502 -3084.955792 3105.9557921 -142.0335229 -1799.239758 242.32284574 87.720003397 1.4444192339 241.50000672
 4438.0000000 289359.93120 7396023.2761 -3085.740989 3106.7409890 -159.5787981 -1808.813913 242.08284024 87.779999779 0.3708169160 241.26000122
 4457.0000000 289343.29179 7396014.1188 -3086.354362 3107.3543625 -176.2182072 -1817.971173 241.91284207 88.519996134 1.1988188057 241.09000305
 4478.0000000 289324.93767 7396003.9196 -3086.834461 3107.8344613 -194.5723258 -1828.170399 241.61283901 88.860002951 0.6476947606 240.78999999
 4496.0000000 289309.27212 7395995.0563 -3087.187870 3108.1878701 -210.2378809 -1837.033739 241.03285242 88.890001142 0.9677503348 240.21001340
 4517.0000000 289291.07480 7395984.5773 -3087.611172 3108.6111718 -228.4351976 -1847.512685 240.74284387 88.799999739 0.4337097286 239.92000485
 4536.0000000 289274.66035 7395975.0102 -3087.989186 3108.9891861 -244.8496507 -1857.079764 240.43284630 88.919999333 0.5247721793 239.61000728
 4556.0000000 289257.42943 7395964.8582 -3088.376625 3109.3766251 -262.0805655 -1867.231795 240.20285057 88.860002951 0.3564757099 239.38001154
 4570.0000000 289245.39451 7395957.7122 -3088.763860 3109.7638600 -274.1154892 -1874.377761 240.04284690 87.970001981 1.9376960299 239.22000788
 4595.0000000 289223.98638 7395944.8487 -3089.937142 3110.9371423 -295.5236186 -1887.241284 239.60284445 86.649999622 1.6694986153 238.78000542
 4614.0000000 289207.77202 7395935.0016 -3091.049067 3112.0490670 -311.7379835 -1897.088365 239.50283834 86.640000225 0.1584224579 238.67999932
 4636.0000000 289189.04927 7395923.5146 -3092.332731 3113.3327313 -330.4607292 -1908.575424 239.08284016 86.669998416 0.5732105224 238.26000114
 4651.0000000 289176.33983 7395915.5927 -3093.215796 3114.2157964 -343.1701720 -1916.497304 238.69284076 86.580003844 0.7991780279 237.87000174
 4671.0000000 289159.45652 7395904.9275 -3094.367079 3115.3670787 -360.0534765 -1927.162480 238.39285296 86.819996201 0.5756770147 237.57001394
 4691.0000000 289142.65422 7395894.1155 -3095.309208 3116.3092078 -376.8557825 -1937.974521 237.73284928 87.779999779 1.7468624581 236.91001025
 4730.0000000 289109.86889 7395873.0026 -3096.108911 3117.1089112 -409.6411063 -1959.087397 238.35284441 89.870003514 1.6769063654 237.53000539
 4769.0000000 289076.00553 7395853.6751 -3096.142970 3117.1429699 -443.5044663 -1978.414924 243.86283907 90.030000695 4.2402409628 243.04000005
 4808.0000000 289040.82962 7395836.8398 -3095.598356 3116.5983561 -478.6803838 -1995.250174 246.63284342 91.569996617 2.4376913780 245.81000440
 4828.0000000 289022.67018 7395828.4796 -3094.931750 3115.9317499 -496.8398185 -2003.610449 245.57284583 92.249996591 1.8882929440 244.75000681
 4847.0000000 289005.57187 7395820.2155 -3094.262014 3115.2620140 -513.9381283 -2011.874500 244.48284947 91.789997010 1.8670404143 243.66001044
 4874.0000000 288981.50627 7395807.9848 -3093.599972 3114.5999722 -538.0037320 -2024.105174 243.28285248 91.019995634 1.5838721978 242.46001346
 4886.0000000 288970.88793 7395802.3934 -3093.431380 3114.4313795 -548.6220656 -2029.696627 242.82284576 90.589994245 1.5741359175 242.00000673
 4925.0000000 288936.70081 7395783.6218 -3093.710460 3114.7104603 -582.8091892 -2048.468244 241.28285243 88.589998743 1.9416334208 240.46001341
 4964.0000000 288902.96437 7395764.0847 -3094.952514 3115.9525136 -616.5456292 -2068.005291 240.21284507 87.760000985 1.0413437833 239.39000605
 5003.0000000 288869.64770 7395743.8873 -3096.803311 3117.8033111 -649.8622974 -2088.202749 238.98284931 86.800004237 1.1993688288 238.16001029
 5042.0000000 288836.69738 7395723.1288 -3098.993971 3119.9939709 -682.8126202 -2108.961199 238.24284380 86.759999819 0.5691687735 237.42000478
 5081.0000000 288804.13513 7395701.7714 -3101.218686 3122.2186864 -715.3748661 -2130.318564 236.88284315 86.699996607 1.0454702588 236.06000413
 5121.0000000 288771.25615 7395679.1318 -3103.827918 3124.8279182 -748.2538539 -2152.958217 235.66284190 85.820001865 1.1266066464 234.84000287
 5161.0000000 288738.83425 7395655.8766 -3106.736630 3127.7366300 -780.6757453 -2176.213388 234.68284614 85.839993828 0.7332043260 233.86000712
 5199.0000000 288708.18400 7395633.5706 -3109.463459 3130.4634593 -811.3260046 -2198.519430 234.87284859 85.930002061 0.1656324626 234.05000956
 5225.0000000 288687.08934 7395618.4790 -3111.322418 3132.3224182 -832.4206608 -2213.610957 235.61283884 85.869998849 0.8544592497 234.78999982
