# WELL TRACE FROM PETREL 
# WELL NAME:              7-PPT-11H-RJS
# DEFINITIVE SURVEY:      Explicit survey 1
# WELL HEAD X-COORDINATE: 287648.62000000 (m)
# WELL HEAD Y-COORDINATE: 7396781.74000000 (m)
# WELL DATUM (KB, Kelly bushing, from MSL): 22.00000000 (m)
# WELL TYPE:              OIL
# MD AND TVD ARE REFERENCED (=0) AT WELL DATUM AND INCREASE DOWNWARDS
# ANGLES ARE GIVEN IN DEGREES
# XYZ TRACE IS GIVEN IN COORDINATE SYSTEM BRAZIL SIRGAS 2000 (WGS84) UTM24S CM 39W (Brazil SIRGAS 2000 (WGS84) UTM24S Lon range 42W - 36W) [Chevron,720787]
# AZIM_TN: azimuth in True North 
# AZIM_GN: azimuth in Grid North 
# DX DY ARE GIVEN IN GRID NORTH IN m-UNITS
# DEPTH (Z, tvd_z) GIVEN IN m-UNITS
#===============================================================================================================================================
      MD            X            Y            Z           TVD           DX          DY        AZIM_TN        INCL         DLS        AZIM_GN
#===============================================================================================================================================
 0.0000000000 287648.62000 7396781.7400 22.000000000 0.0000000000 0.0000000019 0.0000000000 0.8305217874 0.0000000000 0.0000000000 0.0000000001
 1260.0000000 287648.62000 7396781.7400 -1238.000000 1260.0000000 0.0000000019 0.0000000000 0.8305217874 0.0000000000 0.0000000000 0.0000000001
 1297.0000000 287649.05349 7396781.9633 -1274.995717 1296.9957170 0.4334901597 0.2232620846 63.580523534 1.5099999723 1.2243243019 62.750001746
 1349.0000000 287650.13723 7396782.4320 -1326.982175 1348.9821746 1.5172259484 0.6920306729 72.740527451 1.1000000448 0.2646663838 71.910005663
 1380.0000000 287650.71150 7396782.5971 -1357.976414 1379.9764144 2.0915014322 0.8571437746 76.820521766 1.1099999754 0.0767391038 75.989999978
 1409.0000000 287651.26957 7396782.7438 -1386.970674 1408.9706736 2.6495707860 1.0037929881 75.430522337 1.1699999856 0.0683402041 74.600000550
 1436.0000000 287651.83855 7396782.8865 -1413.964294 1435.9642939 3.2185478003 1.1464990154 77.920520271 1.3200000111 0.1771374956 77.089998483
 1464.0000000 287652.49859 7396783.0564 -1441.955991 1463.9559907 3.8785878925 1.3163699787 75.030520800 1.4700000366 0.1774653945 74.199999013
 1494.0000000 287653.28019 7396783.2750 -1471.945004 1493.9450040 4.6601924800 1.5349874208 75.360522641 1.6299999927 0.1602480974 74.530000853
 1523.0000000 287654.08840 7396783.5134 -1500.932761 1522.9327605 5.4683956454 1.7733889576 73.470523198 1.7000000402 0.0920287098 72.640001411
 1549.0000000 287654.82500 7396783.7825 -1526.920925 1548.9209253 6.2049999088 2.0424544010 68.150523356 1.7599999437 0.1977386894 67.320001568
 1580.0000000 287655.79076 7396784.1488 -1557.903678 1579.9036776 7.1707570100 2.4087518537 71.690524370 2.0599999947 0.3118332859 70.860002582
 1610.0000000 287656.81986 7396784.5129 -1587.883816 1609.8838157 8.1998595267 2.7728542332 71.010524046 2.1099999676 0.0557849557 70.180002258
 1635.0000000 287657.67000 7396784.8420 -1612.867191 1634.8671907 9.0500034271 3.1019553896 68.300524886 2.0699998185 0.1279281824 67.470003098
 1665.0000000 287658.64311 7396785.2750 -1642.848277 1664.8482770 10.023108766 3.5349953454 65.330523582 1.9999999845 0.1265582974 64.500001795
 1694.0000000 287659.51952 7396785.6702 -1671.832324 1693.8323239 10.899522555 3.9302168917 67.920519992 1.7999998793 0.2251095728 67.089998205
 1723.0000000 287660.33266 7396786.0276 -1700.818720 1722.8187196 11.712659248 4.2875583945 66.250521777 1.7100000775 0.1070770308 65.419999989
 1752.0000000 287661.07075 7396786.3608 -1729.807395 1751.8073954 12.450749320 4.6208284441 66.850520268 1.4900000045 0.2282420747 66.019998480
 1779.0000000 287661.68651 7396786.6404 -1756.798924 1778.7989238 13.066506103 4.9003757220 65.940524210 1.3800000213 0.1248137212 65.110002422
 1809.0000000 287662.30855 7396786.9472 -1786.790901 1808.7909009 13.688546813 5.2072111387 63.090521841 1.2699999315 0.1281980541 62.260000054
 1835.0000000 287662.79539 7396787.1856 -1812.785242 1834.7852423 14.175393668 5.4455652498 66.620524534 1.1200000127 0.1927187456 65.790002746
 1864.0000000 287663.27573 7396787.3806 -1841.780594 1863.7805936 14.655731289 5.6406157678 71.270526189 0.9300000515 0.2144053654 70.440004402
 1895.0000000 287663.71078 7396787.5524 -1872.777057 1894.7770575 15.090778103 5.8124096803 66.970523018 0.7999999938 0.1405334124 66.140001230
 1925.0000000 287664.08727 7396787.6854 -1902.774393 1924.7743931 15.467274918 5.9454484712 76.190524495 0.7299999997 0.1413832114 75.360002708
 1953.0000000 287664.39678 7396787.8062 -1930.772410 1952.7724097 15.776777760 6.0661716955 61.910525318 0.6399999844 0.2060093951 61.080003531
 1979.0000000 287664.64294 7396787.9139 -1956.771014 1978.7710143 16.022936871 6.1739137024 73.340525941 0.5500000224 0.1713822715 72.510004154
 2010.0000000 287664.92212 7396788.0002 -1987.769637 2009.7696374 16.302117613 6.2601798177 73.990527485 0.5299999479 0.0202421900 73.160005698
 2039.0000000 287665.12751 7396788.0642 -2016.768823 2038.7688234 16.507513664 6.3241655575 72.760524094 0.3199999922 0.2174337537 71.930002307
 2067.0000000 287665.27219 7396788.0972 -2044.768429 2066.7684288 16.652186950 6.3571821172 83.730525620 0.2899999871 0.0701883548 82.900003833
 2095.0000000 287665.40020 7396788.1261 -2072.768120 2094.7681196 16.780198208 6.3860745765 71.590525893 0.2499999981 0.0745598815 70.760004105
 2125.0000000 287665.52151 7396788.1749 -2102.767834 2124.7678345 16.901510963 6.4349157810 66.210520860 0.2499999981 0.0234660029 65.379999073
 2153.0000000 287665.61319 7396788.2065 -2130.767662 2152.7676621 16.993189504 6.4665257335 81.160525854 0.1499999988 0.1199743736 80.330004067
 2180.0000000 287665.68888 7396788.2516 -2157.767511 2179.7675115 17.068877079 6.5115877623 47.060522616 0.2399999875 0.1590077801 46.230000829
 2189.0000000 287665.71427 7396788.2644 -2166.767463 2188.7674632 17.094272271 6.5244462248 91.720523706 0.1499999988 0.5665394616 90.890001919
 2208.0000000 287665.79802 7396788.3176 -2185.767169 2207.7671686 17.178017983 6.5776308766 48.530523878 0.4799999749 0.6072506151 47.700002090
 2223.0000000 287665.94142 7396788.3824 -2200.766311 2222.7663108 17.321420639 6.6424072515 77.770526370 0.7600000048 0.8279166772 76.940004583
 2239.0000000 287666.14778 7396788.3807 -2216.764955 2238.7649547 17.527778292 6.6406964194 104.84052682 0.7600000048 0.6669935523 104.01000503
 2252.0000000 287666.28418 7396788.3051 -2229.763992 2251.7639924 17.664184648 6.5650723167 136.90053290 0.6699999895 0.9328503961 136.07001111
 2268.0000000 287666.36321 7396788.1523 -2245.763038 2267.7630375 17.743207401 6.4122667797 171.45052165 0.6200000165 0.7238110668 170.61999987
 2281.0000000 287666.34976 7396787.9991 -2258.762109 2280.7621092 17.729757241 6.2591237547 197.40053458 0.7699999887 0.7952743223 196.57001279
 2292.0000000 287666.28583 7396787.8645 -2269.761092 2291.7610923 17.665826761 6.1245285990 214.74053140 0.7999999938 0.6504834726 213.91000961
 2309.0000000 287666.14272 7396787.7007 -2286.759689 2308.7596890 17.522715284 5.9606958302 230.48052207 0.6800000267 0.4145928825 229.65000029
 2323.0000000 287666.00318 7396787.5960 -2300.758600 2322.7586004 17.383178047 5.8560128566 237.10053263 0.7500000209 0.2317897397 236.27001085
 2337.0000000 287665.85073 7396787.5037 -2314.757465 2336.7574654 17.230729169 5.7637172993 242.32053400 0.7099999785 0.1662150152 241.49001221
 2367.0000000 287665.52309 7396787.3123 -2344.755065 2366.7550649 16.903091726 5.5722513804 238.81052414 0.7399999836 0.0535823876 237.98000235
 2395.0000000 287665.20374 7396787.1086 -2372.752502 2394.7525018 16.583735278 5.3685880397 237.84052289 0.8099999777 0.0763033321 237.01000110
 2411.0000000 287664.99998 7396786.9842 -2388.750720 2410.7507196 16.379976933 5.2442366080 240.87052175 0.8999999397 0.1887905481 240.03999997
 2421.0000000 287664.86420 7396786.9107 -2398.749527 2420.7495272 16.244203250 5.1706677405 243.94052916 0.8699999879 0.1683017542 243.11000738
 2435.0000000 287664.66532 7396786.8271 -2412.747862 2434.7478624 16.045317067 5.0870773215 251.99053244 0.8999999397 0.2738314492 251.16001065
 2450.0000000 287664.42200 7396786.7500 -2427.745687 2449.7456870 15.802001257 5.0100116823 254.34052335 1.0499999652 0.3104148571 253.51000156
 2465.0000000 287663.97773 7396786.6230 -2442.738181 2464.7381814 15.357732778 4.8830470163 255.11052764 2.4800000662 2.8603289776 254.28000586
 2478.0000000 287663.29167 7396786.4086 -2455.717983 2477.7179828 14.671674802 4.6686079428 252.42052513 3.8599998740 3.2021888990 251.59000334
 2492.0000000 287662.22672 7396786.0103 -2469.671279 2491.6712793 13.606722510 4.2702959832 248.84052320 5.4599998617 3.4831012673 248.01000141
 2506.0000000 287660.82123 7396785.4085 -2483.587090 2505.5870901 12.201226661 3.6684580091 246.73052253 7.0799999238 3.5057920809 245.90000074
 2519.0000000 287659.23820 7396784.6814 -2496.469627 2518.4696267 10.618197485 2.9414498769 245.68053470 8.3199994233 2.8797768144 244.85001292
 2535.0000000 287657.12411 7396783.6135 -2512.293322 2534.2933221 8.5041099712 1.8734680507 242.45052363 8.7099998098 1.1568261606 241.62000184
 2550.0000000 287655.01366 7396782.4339 -2527.096998 2549.0969976 6.3936640162 0.6938930079 240.90053579 9.8399999665 2.3143684825 240.07001400
 2565.0000000 287652.63996 7396781.0493 -2541.842812 2563.8428123 4.0199647645 -0.690708086 240.29053516 11.269999961 2.8686783924 239.46001338
 2578.0000000 287650.32913 7396779.6834 -2554.562458 2576.5624584 1.7091325005 -2.056644326 240.20052357 12.560000714 2.9772328138 239.37000178
 2593.0000000 287647.34387 7396777.9064 -2569.154194 2591.1541939 -1.276130130 -3.833578385 239.95052356 14.220000498 3.3220104807 239.12000177
 2607.0000000 287644.24652 7396776.0434 -2582.679308 2604.6793076 -4.373475710 -5.696621289 239.67052477 15.699999185 3.1751966251 238.84000298
 2622.0000000 287640.60166 7396773.8271 -2597.059627 2619.0596269 -8.018336499 -7.912862781 239.40053575 17.339999321 3.2835835037 238.57001396
 2636.0000000 287636.88998 7396771.5653 -2610.367611 2632.3676110 -11.73002248 -10.17468178 239.54053514 18.829999966 3.1942141622 238.71001336
 2651.0000000 287632.56345 7396768.9567 -2624.490921 2646.4909215 -16.05654913 -12.78326066 239.93053454 20.529999900 3.4101135710 239.10001276
 2665.0000000 287628.20590 7396766.3669 -2637.540929 2659.5409294 -20.41410282 -15.37312645 240.27053089 21.919999745 2.9902149026 239.44000910
 2680.0000000 287623.21289 7396763.4248 -2651.376019 2673.3760190 -25.40711472 -18.31521231 240.37052174 23.529999983 3.2209259907 239.53999995
 2693.0000000 287618.60783 7396760.7171 -2663.227673 2685.2276729 -30.01216607 -21.02291018 240.38053151 24.989999022 3.3692419079 239.55000972
 2708.0000000 287612.99059 7396757.3911 -2676.732588 2698.7325878 -35.62940690 -24.34891988 240.03052539 26.600000968 3.2343668363 239.20000360
 2722.0000000 287607.47190 7396754.1006 -2689.171225 2711.1712247 -41.14809680 -27.63938805 240.02053088 28.030000108 3.0642996223 239.19000910
 2738.0000000 287600.80944 7396750.1670 -2703.176095 2725.1760953 -47.81056221 -31.57299401 240.51052113 29.799999236 3.3483203062 239.67999935
 2751.0000000 287595.09658 7396746.8526 -2714.373526 2736.3735264 -53.52341793 -34.88739074 240.90053579 31.259999982 3.4000966109 240.07001400
 2766.0000000 287588.15565 7396742.9183 -2727.075743 2749.0757430 -60.46434795 -38.82172837 241.65053581 33.000000918 3.5702116940 240.82001403
 2779.0000000 287581.83059 7396739.4084 -2737.877562 2759.8775622 -66.78941063 -42.33164462 241.95052361 34.609999449 3.7352820918 241.12000183
 2794.0000000 287574.19609 7396735.2124 -2750.088807 2772.0888071 -74.42390756 -46.52755826 242.12052179 36.389997973 3.5654647189 241.29000000
 2808.0000000 287566.76735 7396731.1290 -2761.230931 2783.2309307 -81.85264859 -50.61098781 241.95052361 38.130002325 3.7350947502 241.12000183
 2822.0000000 287559.05431 7396726.8783 -2772.114423 2794.1144230 -89.56568958 -54.86172997 241.99053216 39.819999446 3.6218236930 241.16001037
 2837.0000000 287550.49758 7396722.1287 -2783.482573 2805.4825732 -98.12242162 -59.61134182 241.61052727 41.620000179 3.6339686065 240.78000548
 2850.0000000 287542.93112 7396717.8964 -2793.170716 2815.1707163 -105.6888752 -63.84355889 241.61052727 42.019999963 0.9230764234 240.78000548
 2879.0000000 287526.04519 7396708.2882 -2814.703451 2836.7034509 -122.5748096 -73.45182000 240.77053091 42.089999156 0.5865525184 239.94000912
 2907.0000000 287509.86084 7396698.7299 -2835.459343 2857.4593426 -138.7591614 -83.01014654 239.76052111 42.229997544 0.7416653879 238.92999932
 2921.0000000 287501.81663 7396693.8629 -2845.833893 2867.8338931 -146.8033746 -87.87708399 239.55052965 42.130000159 0.3704156558 238.72000786
 2936.0000000 287493.18731 7396688.6564 -2856.945095 2878.9450953 -155.4326867 -93.08359645 239.90053576 42.279997944 0.5577982074 239.07001398
 2948.0000000 287486.17972 7396684.4834 -2865.748315 2887.7483151 -162.4402818 -97.25656458 240.21053333 43.339998907 2.7018234199 239.38001154
 2965.0000000 287475.91715 7396678.4915 -2877.905207 2899.9052074 -172.7028478 -103.2484808 240.88053152 45.349997221 3.6420195950 240.05000973
 2978.0000000 287467.78693 7396673.8337 -2886.917542 2908.9175416 -180.8330749 -107.9062579 241.16053031 46.869997764 3.5384612389 240.33000852
 2995.0000000 287456.81577 7396667.6093 -2898.315294 2920.3152938 -191.8042325 -114.1307443 241.36052726 48.919997081 3.6271064563 240.53000547
 3007.0000000 287448.85611 7396663.1077 -2906.086948 2928.0869475 -199.7638945 -118.6323143 241.32053397 50.349999637 3.5758178384 240.49001219
 3022.0000000 287438.66915 7396657.3323 -2915.462080 2937.4620801 -209.9508471 -124.4076887 241.24053214 52.279999360 3.8620190195 240.41001035
 3035.0000000 287429.64087 7396652.2140 -2923.292739 2945.2927388 -218.9791332 -129.5259840 241.32053397 53.639999307 3.1419188539 240.49001219
 3051.0000000 287418.37477 7396645.8426 -2932.701766 2954.7017658 -230.2452301 -135.8974251 241.36052726 54.319999280 1.2764416433 240.53000547
 3067.0000000 287406.96254 7396639.4003 -2941.883361 2963.8833609 -241.6574600 -142.3396565 241.41053031 55.639998224 2.4761885912 240.58000853
 3081.0000000 287396.82809 7396633.6593 -2949.653056 2971.6530559 -251.7919098 -148.0806622 241.19052909 56.939998374 2.8131801557 240.36000730
 3097.0000000 287385.07332 7396626.9365 -2958.177581 2980.1775808 -263.5466754 -154.8034815 240.94052908 58.669999914 3.2679133222 240.11000729
 3110.0000000 287375.35795 7396621.3613 -2964.777310 2986.7773096 -273.2620468 -160.3787247 241.02053091 60.310003466 3.7879640104 240.19000913
 3125.0000000 287363.95823 7396614.8366 -2972.024017 2994.0240174 -284.6617748 -166.9034070 241.07053397 61.910002599 3.2011958319 240.24001218
 3138.0000000 287353.93214 7396609.1027 -2977.993344 2999.9933442 -294.6878555 -172.6372851 241.06052420 63.420000330 3.4846705611 240.23000241
 3151.0000000 287343.78344 7396603.2833 -2983.665500 3005.6655004 -304.8365618 -178.4566590 240.94052908 64.839996659 3.2863726719 240.11000729
 3166.0000000 287331.94734 7396596.4440 -2989.843971 3011.8439710 -316.6726554 -185.2959890 240.68053457 66.509998402 3.3734417029 239.85001278
 3177.0000000 287323.18553 7396591.3445 -2994.116289 3016.1162885 -325.4344736 -190.3955464 240.58052846 67.779996946 3.4727384953 239.75000667
 3195.0000000 287308.70812 7396582.8537 -3000.625199 3022.6251991 -339.9118766 -198.8863379 240.30052967 69.819996866 3.4277203567 239.47000788
 3207.0000000 287298.97143 7396577.0896 -3004.625848 3026.6258480 -349.6485685 -204.6504445 240.11052723 71.230000628 3.5533405020 239.28000544
 3223.0000000 287285.87562 7396569.3263 -3009.554012 3031.5540118 -362.7443753 -212.4137364 240.23052235 72.889996143 3.1198425961 239.40000056
 3237.0000000 287274.31255 7396562.4851 -3013.496129 3035.4961290 -374.3074480 -219.2548693 240.21053333 74.400000704 3.2359850600 239.38001154
 3252.0000000 287261.83641 7396555.0861 -3017.323891 3039.3238906 -386.7835944 -226.6539028 240.11052723 76.029998029 3.2657252945 239.28000544
 3280.0000000 287238.47003 7396541.0875 -3023.824644 3045.8246445 -410.1499739 -240.6525384 239.70052355 77.120000598 1.2435688548 238.87000176
 3291.0000000 287229.29335 7396535.5386 -3026.281332 3048.2813318 -419.3266544 -246.2013958 239.64052599 77.069996783 0.2098501249 238.81000420
 3308.0000000 287215.09730 7396526.9868 -3030.079482 3052.0794819 -433.5227027 -254.7531970 239.89052600 77.110001201 0.4357807492 239.06000421
 3321.0000000 287204.20710 7396520.4407 -3032.835516 3054.8355158 -444.4129009 -261.2993389 239.75052660 78.410004766 3.0165760071 238.92000482
 3336.0000000 287191.61209 7396512.8518 -3035.809353 3057.8093534 -457.0079148 -268.8881655 239.77053088 78.719999732 0.6212288458 238.94000909
 3349.0000000 287180.70510 7396506.2995 -3038.483301 3060.4833005 -467.9149047 -275.4405056 239.90053576 77.540002590 2.7388514398 239.07001398
 3366.0000000 287166.46960 7396497.7982 -3042.246714 3064.2467138 -482.1503983 -283.9417850 240.07053394 76.879994581 1.2008992593 239.24001215
 3379.0000000 287155.58398 7396491.3258 -3045.189867 3067.1898668 -493.0360182 -290.4142102 240.12052173 76.949997189 0.1967782197 239.28999995
 3390.0000000 287146.35441 7396485.8696 -3047.655912 3069.6559123 -502.2655923 -295.8703996 240.36052723 77.139999392 0.8218479198 239.53000544
 3421.0000000 287119.94821 7396470.9166 -3053.998130 3075.9981303 -528.6717910 -310.8233602 242.25052667 79.250001921 2.7155902631 241.42000489
 3439.0000000 287104.34964 7396462.4456 -3056.995116 3078.9951164 -544.2703649 -319.2943967 242.40053583 81.579998013 3.8911428472 241.57001405
 3450.0000000 287094.77088 7396457.2436 -3058.485105 3080.4851054 -553.8491164 -324.4963604 242.25052667 82.849996557 3.4872692728 241.42000489
 3462.0000000 287084.31661 7396451.5189 -3059.891384 3081.8913842 -564.3033924 -330.2211430 242.00052667 83.690000542 2.1898161905 241.17000488
 3478.0000000 287070.40313 7396443.8096 -3061.641586 3083.6415865 -578.2168723 -337.9303687 241.68053459 83.749996923 0.6069015118 240.85001281
 3492.0000000 287058.24525 7396437.0301 -3063.153578 3085.1535779 -590.3747472 -344.7098931 241.69052910 83.849997723 0.2153425898 240.86000731
 3507.0000000 287045.21291 7396429.7465 -3064.627724 3086.6277239 -603.4070856 -351.9934650 241.57053398 84.870004513 2.0539456881 240.74001219
 3522.0000000 287032.19979 7396422.4035 -3065.972877 3087.9728767 -616.4202101 -359.3364887 241.22052787 84.839992662 0.6997708733 240.39000608
 3535.0000000 287020.95409 7396415.9825 -3067.138674 3089.1386738 -627.6659058 -365.7574522 240.99053213 84.870004513 0.5331385922 240.16001035
 3547.0000000 287010.59619 7396410.0096 -3068.179327 3090.1793267 -638.0238125 -371.7303962 240.73052236 85.179999479 1.0099299665 239.90000057
 3564.0000000 286995.94295 7396401.4846 -3069.480580 3091.4805804 -652.6770487 -380.2554149 240.55052968 86.040002258 1.5503437923 239.72000789
 3592.0000000 286971.87029 7396387.3046 -3071.399644 3093.3996442 -676.7497087 -394.4353620 240.11052723 86.099998639 0.4746951848 239.28000544
 3622.0000000 286946.19155 7396371.9209 -3073.455783 3095.4557826 -702.4284549 -409.8190634 239.70052355 86.040002258 0.4134161467 238.87000176
 3650.0000000 286922.32384 7396357.3977 -3075.367531 3097.3675311 -726.2961629 -424.3423446 239.32053392 86.129996830 0.4174696051 238.49001213
 3663.0000000 286911.27422 7396350.6012 -3076.243808 3098.2438083 -737.3457830 -431.1388181 239.15053574 86.139996227 0.3920908514 238.32001396
 3679.0000000 286897.70592 7396342.1884 -3077.343198 3099.3431979 -750.9140806 -439.5515545 238.91053024 85.980005876 0.5399464637 238.08000846
 3707.0000000 286873.90558 7396327.5549 -3079.252521 3101.2525208 -774.7144166 -454.1850787 239.58052843 86.199999439 0.7539743263 238.75000664
 3719.0000000 286863.65404 7396321.3659 -3080.057213 3102.0572129 -784.9659605 -460.3741213 239.84052295 86.109998036 0.6864465564 239.01000116
 3736.0000000 286849.09873 7396312.6374 -3081.078740 3103.0787396 -799.5212743 -469.1025987 239.92052478 86.999999006 1.5768995259 239.09000299
 3764.0000000 286825.04920 7396298.3266 -3082.077859 3104.0778594 -823.5708033 -483.4134347 240.23052235 88.909999936 2.0731715807 239.40000056
 3793.0000000 286800.18109 7396283.4108 -3082.675075 3104.6750752 -848.4389147 -498.3292109 239.52053087 88.730003960 0.7575580529 238.69000908
 3821.0000000 286776.91088 7396267.8561 -3083.244707 3105.2447070 -871.7091201 -513.8838811 234.62052158 88.940004957 5.2537413820 233.78999979
 3851.0000000 286752.18362 7396250.8773 -3083.792002 3105.7920025 -896.4363765 -530.8626671 238.09052290 88.970003147 3.4695536604 237.26000111
 3880.0000000 286727.66581 7396235.3897 -3084.305723 3106.3057232 -920.9541904 -546.3503054 239.01052109 89.000001338 0.9520788057 238.17999930
 3908.0000000 286703.71184 7396220.8883 -3084.672245 3106.6722455 -944.9081569 -560.8517019 240.27053089 89.499998506 1.4523054248 239.44000910
 3936.0000000 286679.55478 7396206.7238 -3084.909260 3106.9092603 -969.0652188 -575.0161602 240.62052175 89.529996697 0.3763517116 239.78999996
 3952.0000000 286665.75990 7396198.6142 -3085.036321 3107.0363208 -982.8601038 -583.1258175 240.14052601 89.559994888 0.9017195835 239.31000422
 3965.0000000 286654.57522 7396191.9850 -3085.146363 3107.1463631 -994.0447850 -589.7549640 240.21053333 89.470000315 0.2631143356 239.38001154
 3981.0000000 286640.69043 7396184.0315 -3085.285997 3107.2859975 -1007.929571 -597.7085193 241.84052300 89.529996697 3.0581838036 241.01000121
 3993.0000000 286630.18496 7396178.2285 -3085.371867 3107.3718670 -1018.435040 -603.5114809 241.99053216 89.650003121 0.4802546796 241.16001037
 4021.0000000 286605.78776 7396164.4813 -3085.513592 3107.5135918 -1042.832241 -617.2586992 240.87052175 89.769995884 1.2068628594 240.03999997
 4051.0000000 286579.78934 7396149.5043 -3085.754446 3107.7544461 -1068.830662 -632.2357470 240.90053579 89.309996304 0.4609776496 240.07001400
 4080.0000000 286554.80531 7396134.7757 -3086.088508 3108.0885076 -1093.814686 -646.9643205 239.72052782 89.369999516 1.2221941196 238.89000604
 4108.0000000 286530.80971 7396120.3405 -3086.389048 3108.3890484 -1117.810285 -661.3995449 239.88053149 89.399997707 0.1744097305 239.05000970
 4137.0000000 286505.93061 7396105.4328 -3086.644651 3108.6446507 -1142.689392 -676.3071964 239.92052478 89.589993079 0.2008537689 239.09000299
 4150.0000000 286494.78293 7396098.7412 -3086.611753 3108.6117532 -1153.837070 -682.9988303 239.79053515 90.699994442 2.5790458797 238.96001336
 4166.0000000 286481.05844 7396090.5190 -3086.278075 3108.2780745 -1167.561565 -691.2209770 240.02053088 91.690003041 1.9056778506 239.19000910
 4194.0000000 286457.00501 7396076.1859 -3085.828510 3107.8285097 -1191.614995 -705.5541237 240.06052417 90.150000289 1.6505590765 239.23000238
 4227.0000000 286428.62977 7396059.3277 -3085.840031 3107.8400307 -1219.990234 -722.4122991 240.17052479 89.809993472 0.3248709006 239.34000300
 4250.0000000 286408.82957 7396047.6178 -3085.898238 3107.8982383 -1239.790425 -734.1221984 240.29053516 89.900001705 0.1956690337 239.46001338
 4279.0000000 286383.85763 7396032.8640 -3085.948852 3107.9488520 -1264.762374 -748.8759903 240.22052784 89.900001705 0.0724212616 239.39000605
 4306.0000000 286360.61752 7396019.1143 -3086.205670 3108.2056702 -1288.002477 -762.6257457 240.22052784 89.010000735 0.9888899662 239.39000605
 4335.0000000 286336.24996 7396003.4787 -3087.726292 3109.7262918 -1312.370040 -778.2612673 236.06052406 84.980004710 5.9867640460 235.23000227
 4365.0000000 286312.25846 7395985.6609 -3090.357499 3112.3574988 -1336.361543 -796.0790608 232.40053556 84.959999086 3.6459437332 231.57001377
 4392.0000000 286290.97769 7395969.1896 -3092.598117 3114.5981172 -1357.642305 -812.5504196 233.78052522 85.519992635 1.6498539604 232.95000343
