# WELL TRACE FROM PETREL 
# WELL NAME:              7-PPT-37HP-RJS
# DEFINITIVE SURVEY:      Explicit survey 1
# WELL HEAD X-COORDINATE: 286684.05000000 (m)
# WELL HEAD Y-COORDINATE: 7398070.62000000 (m)
# WELL DATUM (KB, Kelly bushing, from MSL): 17.00000000 (m)
# WELL TYPE:              OIL
# MD AND TVD ARE REFERENCED (=0) AT WELL DATUM AND INCREASE DOWNWARDS
# ANGLES ARE GIVEN IN DEGREES
# XYZ TRACE IS GIVEN IN COORDINATE SYSTEM BRAZIL SIRGAS 2000 (WGS84) UTM24S CM 39W (Brazil SIRGAS 2000 (WGS84) UTM24S Lon range 42W - 36W) [Chevron,720787]
# AZIM_TN: azimuth in True North 
# AZIM_GN: azimuth in Grid North 
# DX DY ARE GIVEN IN GRID NORTH IN m-UNITS
# DEPTH (Z, tvd_z) GIVEN IN m-UNITS
#===============================================================================================================================================
      MD            X            Y            Z           TVD           DX          DY        AZIM_TN        INCL         DLS        AZIM_GN
#===============================================================================================================================================
 0.0000000000 286684.05000 7398070.6200 17.000000000 0.0000000000 0.0000000010 0.0000000047 0.8338284946 0.0000000000 0.0000000000 0.0000000000
 1128.0000000 286684.05000 7398070.6200 -1111.000000 1128.0000000 0.0000000010 0.0000000047 0.8338284946 0.0000000000 0.0000000000 0.0000000000
 1137.0000000 286684.06208 7398070.6411 -1119.999956 1136.9999561 0.0120797934 0.0211438229 30.573828495 0.3100000000 1.0333333333 29.740000000
 1154.0000000 286684.15422 7398070.7269 -1136.999469 1153.9994688 0.1042247737 0.1068821298 57.383828495 0.5600000000 0.5575490650 56.550000000
 1168.0000000 286684.25525 7398070.7669 -1150.999030 1167.9990302 0.2052462313 0.1469173068 87.813828495 0.3600000000 0.6623484734 86.980000000
 1215.0000000 286684.68874 7398070.8001 -1197.996951 1214.9969508 0.6387428333 0.1800736329 85.763828495 0.7000000000 0.2173238407 84.930000000
 1243.0000000 286685.08641 7398070.8157 -1225.994103 1242.9941028 1.0364080023 0.1957068620 90.703828495 0.9300000000 0.2574463891 89.870000000
 1273.0000000 286685.69032 7398070.8417 -1255.987935 1272.9879350 1.6403217638 0.2217145944 86.793828495 1.3800000000 0.4565892297 85.960000000
 1298.0000000 286686.29015 7398070.9230 -1280.980598 1297.9805982 2.2401516583 0.3029884351 79.493828495 1.4000000000 0.2137002745 78.660000000
 1326.0000000 286686.95268 7398071.0615 -1308.972418 1325.9724181 2.9026832621 0.4415174490 78.543828495 1.3700000000 0.0404764171 77.710000000
 1362.0000000 286687.78327 7398071.2733 -1344.962211 1361.9622107 3.7332734907 0.6533492794 74.493828495 1.3600000000 0.0808110848 73.660000000
 1389.0000000 286688.44215 7398071.5244 -1371.952963 1388.9529634 4.3921483011 0.9043700686 66.233828495 1.6400000000 0.3923094855 65.400000000
 1413.0000000 286689.12684 7398071.8725 -1395.940621 1412.9406207 5.0768404271 1.2524985177 61.983828495 2.0300000000 0.5159990121 61.150000000
 1444.0000000 286690.14932 7398072.4547 -1426.918257 1443.9182569 6.0993209731 1.8346546423 60.473828495 2.3200000000 0.2860481110 59.640000000
 1472.0000000 286691.12750 7398073.0276 -1454.895306 1471.8953060 7.0775010700 2.4076318955 60.473828495 2.3200000000 0.0000000000 59.640000000
 1502.0000000 286692.35647 7398073.7770 -1484.860482 1501.8604815 8.3064721301 3.1569668325 58.723828495 3.1800000000 0.8639888933 57.890000000
 1530.0000000 286693.75146 7398074.6781 -1512.811133 1529.8111330 9.7014649932 4.0580668477 57.313828495 3.6200000000 0.4798314160 56.480000000
 1561.0000000 286695.38729 7398075.8644 -1543.745164 1560.7451644 11.337289673 5.2444049409 52.603828495 3.8600000000 0.3770959161 51.770000000
 1588.0000000 286696.91261 7398076.9457 -1570.680299 1587.6802989 12.862607926 6.3257348686 58.233828495 4.0900000000 0.5030377749 57.400000000
 1615.0000000 286698.42026 7398077.9441 -1597.619609 1614.6196088 14.370263291 7.3240695810 56.283828495 3.5900000000 0.5741129226 55.450000000
 1635.0000000 286699.37315 7398078.5016 -1617.588879 1634.5888785 15.323145170 7.8815682335 65.993828495 2.7600000000 1.4792396398 65.160000000
 1653.0000000 286700.17031 7398078.8454 -1635.567932 1652.5679324 16.120305255 8.2254121061 69.003828495 2.7700000000 0.2425472627 68.170000000
 1676.0000000 286701.16607 7398079.3124 -1658.541600 1675.5415998 17.116065791 8.6923840856 62.353828495 2.7200000000 0.4202436184 61.520000000
 1704.0000000 286702.31181 7398079.8872 -1686.512228 1703.5122276 18.261813688 9.2672307575 66.163828495 2.5300000000 0.2762894458 65.330000000
 1734.0000000 286703.41179 7398080.3561 -1716.488297 1733.4882974 19.361791838 9.7360771066 69.713828495 2.0400000000 0.5098007812 68.880000000
 1764.0000000 286704.36853 7398080.7343 -1746.470648 1763.4706484 20.318532053 10.114337864 68.773828495 1.8900000000 0.1534188504 67.940000000
 1794.0000000 286705.32540 7398081.1331 -1776.452726 1793.4527256 21.275398799 10.513123845 67.693828495 2.0700000000 0.1838191217 66.860000000
 1822.0000000 286706.17511 7398081.5187 -1804.437139 1821.4371388 22.125105045 10.898728569 64.923828495 1.7500000000 0.3567424446 64.090000000
 1851.0000000 286706.89333 7398081.7995 -1833.426787 1850.4267866 22.843332693 11.179514711 75.573828495 1.3100000000 0.5400762288 74.740000000
 1880.0000000 286707.35910 7398081.8549 -1862.422739 1879.4227389 23.309096489 11.234915808 103.15382849 0.5900000000 0.8618201300 102.32000000
 1907.0000000 286707.51579 7398081.7382 -1889.421930 1906.4219301 23.465790635 11.118162786 167.36382849 0.3800000000 0.6059465605 166.53000000
 1937.0000000 286707.57687 7398081.4514 -1919.420448 1936.4204482 23.526867494 10.831384971 169.55382849 0.7400000000 0.3605700551 168.72000000
 1964.0000000 286707.56581 7398081.0611 -1946.417573 1963.4175729 23.515809887 10.441109552 192.47382849 0.9500000000 0.4375814065 191.64000000
 1994.0000000 286707.40311 7398080.4140 -1976.409990 1993.4099899 23.353114566 9.7939787786 196.41382849 1.6000000000 0.6555026881 195.58000000
 2023.0000000 286707.01916 7398079.6358 -2005.396850 2022.3968499 22.969155491 9.0158189861 216.17382849 1.8800000000 0.6803523340 215.34000000
 2053.0000000 286706.35240 7398078.9453 -2035.381371 2052.3813711 22.302399725 8.3252730798 233.72382849 1.8300000000 0.5680345643 232.89000000
 2081.0000000 286705.54461 7398078.5770 -2063.367070 2080.3670702 21.494606646 7.9570232844 258.52382849 1.8900000000 0.8580306016 257.69000000
 2105.0000000 286704.85521 7398078.4490 -2087.356768 2104.3567675 20.805206885 7.8289622217 262.62382849 1.4600000000 0.5576455182 261.79000000
 2137.0000000 286703.86533 7398078.5199 -2119.341023 2136.3410231 19.815332872 7.8998601325 283.25382849 2.1500000000 0.8787288124 282.42000000
 2166.0000000 286702.68582 7398078.4209 -2148.316149 2165.3161489 18.635824816 7.8008947978 252.40382849 2.7000000000 1.4424516971 251.57000000
 2198.0000000 286701.32131 7398077.6020 -2180.275934 2197.2759341 17.271314849 6.9820079999 229.03382849 3.1200000000 1.1699741827 228.20000000
 2228.0000000 286700.23888 7398076.3894 -2210.231696 2227.2316962 16.188882038 5.7694435688 216.16382849 3.1300000000 0.7002024411 215.33000000
 2259.0000000 286699.42523 7398074.9404 -2241.186961 2258.1869606 15.375228253 4.3203666573 203.97382849 3.0500000000 0.6393559525 203.14000000
 2281.0000000 286698.97218 7398073.8567 -2263.155594 2280.1555937 14.922178694 3.2367076259 203.07382849 3.0700000000 0.0709629333 202.24000000
 2311.0000000 286698.34697 7398072.3822 -2293.112824 2310.1128237 14.296969568 1.7622036384 204.55382849 3.0500000000 0.0814945501 203.72000000
 2345.0000000 286697.65127 7398070.6932 -2327.063726 2344.0637261 13.601269577 0.0732341642 201.91382849 3.1100000000 0.1358805276 201.08000000
 2372.0000000 286697.10829 7398069.3607 -2354.025360 2371.0253601 13.058285197 -1.259300276 204.13382849 3.0000000000 0.1794776353 203.30000000
 2401.0000000 286696.46242 7398067.8567 -2382.979067 2399.9790668 12.412416040 -2.763252174 204.02382849 3.4700000000 0.4862490767 203.19000000
 2417.0000000 286695.96448 7398066.7500 -2398.932355 2415.9323553 11.914475895 -3.869996295 205.74382849 5.2300000000 3.3086835529 204.91000000
 2431.0000000 286695.33006 7398065.4420 -2412.856315 2429.8563145 11.280062454 -5.177973252 207.46382849 6.6900000000 3.1515425678 206.63000000
 2448.0000000 286694.31532 7398063.4469 -2429.707696 2446.7076965 10.265320344 -7.173051410 208.05382849 8.4400000000 3.0912353230 207.22000000
 2461.0000000 286693.38443 7398061.6285 -2442.545988 2459.5459877 9.3344301415 -8.991537468 207.84382849 9.6400000000 2.7702728619 207.01000000
 2477.0000000 286692.06761 7398059.0636 -2458.283702 2475.2837022 8.0176076823 -11.55644707 208.15382849 11.120000000 2.7769655413 207.32000000
 2489.0000000 286690.94703 7398056.8938 -2470.032445 2487.0324449 6.8970280672 -13.72616095 208.14382849 12.360000000 3.1000041619 207.31000000
 2504.0000000 286689.39335 7398053.8665 -2484.641075 2501.6410750 5.3433532710 -16.75351985 207.87382849 13.860000000 3.0024912868 207.04000000
 2517.0000000 286687.91068 7398050.9609 -2497.225002 2514.2250016 3.8606801062 -19.65906961 207.86382849 15.200000000 3.0923131010 207.03000000
 2533.0000000 286685.90032 7398046.9989 -2512.595260 2529.5952595 1.8503187982 -23.62113818 207.62382849 17.040000000 3.4522544920 206.79000000
 2547.0000000 286683.98344 7398043.1705 -2525.924306 2542.9243058 -0.066556048 -27.44949927 207.25382849 18.570000000 3.2875069291 206.42000000
 2561.0000000 286681.92621 7398039.0109 -2539.132659 2556.1326594 -2.123788900 -31.60905236 207.05382849 20.140000000 3.3672779765 206.22000000
 2574.0000000 286679.87197 7398034.8820 -2551.287165 2568.2871654 -4.178033222 -35.73796653 207.50382849 21.410000000 2.9538046037 206.67000000
 2591.0000000 286676.95495 7398029.1138 -2567.009967 2584.0099667 -7.095048878 -41.50618449 207.80382849 23.280000000 3.3061221041 206.97000000
 2604.0000000 286674.54880 7398024.4279 -2578.895044 2595.8950444 -9.501204401 -46.19208082 208.21382849 24.520000000 2.8870828730 207.38000000
 2621.0000000 286671.19427 7398017.9494 -2594.249854 2611.2498540 -12.85573014 -52.67058348 208.20382849 26.300000000 3.1411855870 207.37000000
 2631.0000000 286669.12328 7398013.9524 -2603.179552 2620.1795517 -14.92671978 -56.66758440 208.24382849 27.200000000 2.7005400400 207.41000000
 2649.0000000 286665.21243 7398006.4274 -2619.056436 2636.0564361 -18.83757337 -64.19261815 208.34382849 29.010000000 3.0176872679 207.51000000
 2661.0000000 286662.47761 7398001.1647 -2629.488630 2646.4886299 -21.57239018 -69.45533218 208.24382849 30.220000000 3.0275207481 207.41000000
 2678.0000000 286658.43554 7397993.3752 -2644.048460 2661.0484601 -25.61446368 -77.24484553 208.27382849 31.930000000 3.0177706961 207.44000000
 2692.0000000 286654.96100 7397986.6733 -2655.839213 2672.8392126 -29.08900481 -83.94668025 208.20382849 33.320000000 2.9796686331 207.37000000
 2708.0000000 286650.82084 7397978.6741 -2669.063276 2686.0632758 -33.22916179 -91.94585869 208.19382849 35.190000000 3.5062658733 207.36000000
 2720.0000000 286647.59082 7397972.4389 -2678.794627 2695.7946267 -36.45917878 -98.18109573 208.24382849 36.430000000 3.1008624070 207.41000000
 2738.0000000 286642.55239 7397962.7630 -2693.112604 2710.1126039 -41.49761402 -107.8570100 208.43382849 38.170000000 2.9063390575 207.60000000
 2750.0000000 286639.07893 7397956.1002 -2702.469743 2719.4697428 -44.97106977 -114.5197624 208.30382849 39.350000000 2.9570071858 207.47000000
 2764.0000000 286634.93163 7397948.1145 -2713.195713 2730.1957127 -49.11836613 -122.5054769 208.25382849 40.630000000 2.7437210838 207.42000000
 2778.0000000 286630.67659 7397939.9286 -2723.726925 2740.7269248 -53.37341112 -130.6913778 208.34382849 41.800000000 2.5103604474 207.51000000
 2794.0000000 286625.65631 7397930.3263 -2735.500300 2752.5002996 -58.39368607 -140.2937234 208.52382849 43.440000000 3.0834778756 207.69000000
 2806.0000000 286621.76731 7397922.9331 -2744.116162 2761.1161625 -62.28268828 -147.6868723 208.63382849 44.780000000 3.3554628542 207.80000000
 2820.0000000 286617.10677 7397914.0898 -2753.919003 2770.9190034 -66.94323020 -156.5301842 208.61382849 46.330000000 3.3215694620 207.78000000
 2835.0000000 286611.99942 7397904.3571 -2764.127588 2781.1275877 -72.05057766 -166.2628643 208.43382849 47.890000000 3.1311264655 207.60000000
 2848.0000000 286607.47748 7397895.7093 -2772.717587 2789.7175867 -76.57252366 -174.9107089 208.44382849 49.390000000 3.4615817884 207.61000000
 2863.0000000 286602.12982 7397885.4889 -2782.307801 2799.3078010 -81.92017812 -185.1311066 208.46382849 51.120000000 3.4601366598 207.63000000
 2878.0000000 286596.65080 7397874.9902 -2791.515406 2808.5154063 -87.39919636 -195.6298007 208.32382849 53.140000000 4.0460402357 207.49000000
 2884.0000000 286594.42535 7397870.7297 -2795.107452 2812.1074518 -89.62465227 -199.8903196 208.50382849 53.310000000 1.1145340383 207.67000000
 2898.0000000 286589.21504 7397860.8117 -2803.505506 2820.5055057 -94.83496442 -209.8082603 208.59382849 52.970000000 0.7447324261 207.76000000
 2915.0000000 286582.90316 7397848.7637 -2813.706712 2830.7067124 -101.1468356 -221.8562847 208.37382849 53.280000000 0.6290666476 207.54000000
 2928.0000000 286578.12937 7397839.4948 -2821.474062 2838.4740623 -105.9206263 -231.1252443 207.79382849 53.340000000 1.0821781148 206.96000000
 2945.0000000 286572.02708 7397827.2026 -2831.509657 2848.5096565 -112.0229214 -243.4174151 206.68382849 54.300000000 2.3172659376 205.85000000
 2957.0000000 286567.87958 7397818.3268 -2838.440767 2855.4407670 -116.1704248 -252.2932440 205.08382849 55.140000000 3.8822477255 204.25000000
 2972.0000000 286563.03262 7397807.0210 -2847.026814 2864.0268144 -121.0173750 -263.5989621 202.99382849 55.030000000 3.4345982471 202.16000000
 2985.0000000 286559.22297 7397797.0951 -2854.509058 2871.5090577 -124.8270274 -273.5248541 200.66382849 54.700000000 4.4625814129 199.83000000
 2999.0000000 286555.52351 7397786.2740 -2862.586594 2879.5865942 -128.5264891 -284.3460262 198.75382849 54.830000000 3.3545489049 197.92000000
 3015.0000000 286551.49814 7397773.7736 -2871.729429 2888.7294288 -132.5518575 -296.8463615 198.61382849 55.470000000 1.2191820826 197.78000000
 3027.0000000 286548.36223 7397764.3133 -2878.414535 2895.4145349 -135.6877650 -306.3067005 199.72382849 56.820000000 4.0866504085 198.89000000
 3044.0000000 286543.53524 7397750.7668 -2887.482143 2904.4821430 -140.5147626 -319.8532494 201.15382849 58.710000000 3.9597485958 200.32000000
 3059.0000000 286539.02973 7397738.7102 -2895.188593 2912.1885927 -145.0202732 -331.9098351 201.49382849 59.460000000 1.6094522928 200.66000000
 3073.0000000 286534.69339 7397727.3938 -2902.201253 2919.2012531 -149.3566100 -343.2262234 202.10382849 60.420000000 2.3476988778 201.27000000
 3086.0000000 286530.50575 7397716.8260 -2908.511679 2925.5116793 -153.5442490 -353.7939918 202.79382849 61.500000000 2.8547315191 201.96000000
 3101.0000000 286525.39210 7397704.5683 -2915.485502 2932.4855018 -158.6578967 -366.0516900 204.15382849 63.090000000 3.9888465965 203.32000000
 3115.0000000 286520.29750 7397693.0764 -2921.651214 2938.6512145 -163.7524997 -377.5435525 205.32382849 64.650000000 4.0299747804 204.49000000
 3131.0000000 286514.12305 7397679.9035 -2928.314276 2945.3142758 -169.9269535 -390.7164879 206.56382849 66.130000000 3.4883178604 205.73000000
 3145.0000000 286508.42922 7397668.3489 -2933.801318 2950.8013179 -175.6207763 -402.2711430 207.56382849 67.720000000 3.9363295270 206.73000000
 3158.0000000 286502.90176 7397657.5831 -2938.553077 2955.5530775 -181.1482437 -413.0368564 208.45382849 69.400000000 4.3225941072 207.62000000
 3172.0000000 286496.71643 7397645.9608 -2943.318341 2960.3183411 -187.3335662 -424.6591629 209.25382849 70.800000000 3.4055996777 208.42000000
 3186.0000000 286490.29143 7397634.3539 -2947.795401 2964.7954014 -193.7585716 -436.2661143 210.34382849 71.900000000 3.2331970627 209.51000000
 3198.0000000 286484.60430 7397624.4339 -2951.440807 2968.4408066 -199.4456968 -446.1861168 210.97382849 72.730000000 2.5607173360 210.14000000
 3217.0000000 286475.29894 7397608.7509 -2956.781334 2973.7813341 -208.7510622 -461.8690655 212.05382849 74.620000000 3.4034351915 211.22000000
 3229.0000000 286469.20502 7397598.8691 -2959.822358 2976.8223579 -214.8449793 -471.7508939 212.93382849 76.020000000 4.0962041961 212.10000000
 3247.0000000 286459.71337 7397584.1197 -2963.874514 2980.8745144 -224.3366315 -486.5002820 214.25382849 77.960000000 3.8792571454 213.42000000
 3275.0000000 286443.86830 7397561.6066 -2968.965925 2985.9659249 -240.1816981 -509.0133681 217.67382849 81.090000000 4.9219846538 216.84000000
 3294.0000000 286432.25132 7397546.8031 -2971.597387 2988.5973866 -251.7986795 -523.8169113 220.23382849 82.990000000 5.0023674730 219.40000000
 3316.0000000 286418.21936 7397530.0037 -2973.824332 2990.8243318 -265.8306397 -540.6163138 221.17382849 85.390000000 3.5123665625 220.34000000
 3346.0000000 286399.05706 7397507.0409 -2976.230359 2993.2303590 -284.9929355 -563.5790611 220.18382849 85.410000000 0.9870136579 219.35000000
 3374.0000000 286381.38593 7397485.4278 -2978.434522 2995.4345222 -302.6640651 -585.1921813 220.02382849 85.560000000 0.2345947742 219.19000000
 3404.0000000 286362.67709 7397462.0920 -2980.819664 2997.8196642 -321.3729125 -608.5280270 219.08382849 85.320000000 0.9672711976 218.25000000
 3428.0000000 286347.90951 7397443.2784 -2982.857149 2999.8571489 -336.1404942 -627.3416300 218.84382849 84.940000000 0.5612272414 218.01000000
 3456.0000000 286330.51738 7397421.4565 -2985.212367 3002.2123667 -353.5326221 -649.1635049 219.93382849 85.410000000 1.2679972430 219.10000000
 3487.0000000 286311.03144 7397397.4832 -2987.836023 3004.8360228 -373.0185587 -673.1368423 219.94382849 84.880000000 0.5129938596 219.11000000
 3515.0000000 286293.32673 7397375.9289 -2990.327518 3007.3275179 -390.7232685 -694.6910621 220.52382849 84.910000000 0.6197975546 219.69000000
 3543.0000000 286275.38912 7397354.5404 -2992.563335 3009.5633354 -408.6608797 -716.0796462 221.11382849 85.930000000 1.2615001647 220.28000000
 3570.0000000 286258.08669 7397333.8833 -2994.333933 3011.3339330 -425.9633111 -736.7367101 220.45382849 86.550000000 1.0050013491 219.62000000
 3598.0000000 286240.29106 7397312.3183 -2995.921329 3012.9213292 -443.7589388 -758.3017044 220.27382849 86.950000000 0.4698378986 219.44000000
 3626.0000000 286222.49386 7397290.7361 -2997.230538 3014.2305383 -461.5561353 -779.8839168 220.41382849 87.690000000 0.8068909117 219.58000000
 3654.0000000 286204.23863 7397269.5419 -2998.532603 3015.5326026 -479.8113656 -801.0780626 222.73382849 86.980000000 2.5969256048 221.90000000
 3682.0000000 286186.20884 7397248.1724 -3000.044835 3017.0448353 -497.8411569 -822.4475528 219.24382849 86.830000000 3.7372859724 218.41000000
 3708.0000000 286170.26728 7397227.6685 -3001.328558 3018.3285575 -513.7827177 -842.9515205 218.15382849 87.510000000 1.4810592803 217.32000000
 3727.0000000 286158.49640 7397212.7745 -3002.164036 3019.1640364 -525.5535976 -857.8454975 220.15382849 87.450000000 3.1562624996 219.32000000
 3738.0000000 286151.54078 7397204.2642 -3002.647686 3019.6476859 -532.5092172 -866.3557983 220.03382849 87.510000000 0.3656189656 219.20000000
 3756.0000000 286140.29811 7397190.2335 -3003.561511 3020.5615108 -543.7518906 -880.3864791 219.04382849 86.670000000 2.1622752077 218.21000000
 3766.0000000 286134.09984 7397182.4062 -3004.150220 3021.1502204 -549.9501569 -888.2138356 219.37382849 86.580000000 1.0245013348 218.54000000
 3782.0000000 286124.12759 7397169.9274 -3005.108880 3022.1088796 -559.9224131 -900.6925805 219.55382849 86.550000000 0.3415573046 218.72000000
 3794.0000000 286116.64188 7397160.5753 -3005.849824 3022.8498237 -567.4081176 -910.0447168 219.46382849 86.370000000 0.5029234045 218.63000000
 3822.0000000 286099.87540 7397138.2283 -3007.723135 3024.7231352 -584.1745975 -932.3916987 215.96382849 85.960000000 3.7672914480 215.13000000
 3838.0000000 286090.65972 7397125.1907 -3008.807201 3025.8072011 -593.3902826 -945.4293034 216.21382849 86.270000000 0.7460354562 215.38000000
 3849.0000000 286084.15996 7397116.3439 -3009.525740 3026.5257398 -599.8900362 -954.2761256 218.06382849 86.240000000 5.0353443929 217.23000000
 3876.0000000 286067.55473 7397095.1243 -3011.310553 3028.3105528 -616.4952717 -975.4957294 219.69382849 86.180000000 1.8083791628 218.86000000
 3893.0000000 286057.00727 7397081.8356 -3012.429828 3029.4298275 -627.0427253 -988.7843874 218.85382849 86.270000000 1.4876389231 218.02000000
 3904.0000000 286050.26501 7397073.1716 -3013.148305 3030.1483053 -633.7849861 -997.4484149 218.59382849 86.240000000 0.7122913984 217.76000000
 3920.0000000 286040.48577 7397060.5482 -3014.197542 3031.1975419 -643.5642336 -1010.071798 218.60382849 86.240000000 0.0187096405 217.77000000
 3934.0000000 286031.88291 7397049.5389 -3015.119286 3032.1192863 -652.1670933 -1021.081099 219.07382849 86.210000000 1.0070116600 218.24000000
 3948.0000000 286023.20580 7397038.5871 -3016.030056 3033.0300555 -660.8441979 -1032.032924 219.37382849 86.330000000 0.6911140334 218.54000000
 3959.0000000 286016.35422 7397030.0088 -3016.742785 3033.7427850 -667.6957830 -1040.611247 219.52382849 86.240000000 0.4763409267 218.69000000
 3975.0000000 286006.35164 7397017.5612 -3017.787843 3034.7878427 -677.6983613 -1053.058758 219.71382849 86.270000000 0.3599120483 218.88000000
 3988.0000000 285998.16747 7397007.4941 -3018.640352 3035.6403520 -685.8825317 -1063.125904 220.17382849 86.210000000 1.0682646814 219.34000000
 4009.0000000 285984.80431 7396991.3492 -3020.022971 3037.0229715 -699.2456916 -1079.270765 220.72382849 86.240000000 0.7851799910 219.89000000
 4015.0000000 285980.96208 7396986.7564 -3020.416435 3037.4164352 -703.0879181 -1083.863626 220.77382849 86.240000000 0.2494618732 219.94000000
 4032.0000000 285970.02766 7396973.8123 -3021.815247 3038.8152473 -714.0223423 -1096.807661 221.27382849 84.320000000 3.5004770625 220.44000000
 4044.0000000 285962.30059 7396964.7314 -3023.180919 3040.1809185 -721.7494087 -1105.888621 221.18382849 82.610000000 4.2808399190 220.35000000
 4059.0000000 285952.69076 7396953.4198 -3025.360406 3042.3604056 -731.3592350 -1117.200248 221.18382849 80.680000000 3.8600000000 220.35000000
 4071.0000000 285945.04199 7396944.4085 -3027.442074 3044.4420738 -739.0080150 -1126.211498 221.13382849 79.340000000 3.3522610319 220.30000000
 4087.0000000 285934.91486 7396932.3863 -3030.440182 3047.4401825 -749.1351421 -1138.233697 220.75382849 79.060000000 0.8749030819 219.92000000
 4099.0000000 285927.37321 7396923.3102 -3032.629056 3049.6290557 -756.6767859 -1147.309789 220.36382849 79.920000000 2.3540340497 219.53000000
 4117.0000000 285916.06047 7396909.6061 -3035.509908 3052.5099075 -767.9895278 -1161.013897 220.38382849 81.660000000 2.9001866419 219.55000000
 4128.0000000 285909.08980 7396901.2366 -3037.058875 3054.0588749 -774.9602009 -1169.383390 220.86382849 82.150000000 1.8616107812 220.03000000
 4145.0000000 285898.18241 7396888.3841 -3039.279296 3056.2792962 -785.8675915 -1182.235903 221.44382849 82.840000000 1.5850525669 220.61000000
 4156.0000000 285891.04107 7396880.1282 -3040.650351 3057.6503511 -793.0089291 -1190.491832 221.94382849 82.840000000 1.3530026042 221.11000000
 4184.0000000 285872.66166 7396859.2842 -3044.111222 3061.1112219 -811.3883445 -1211.335758 222.53382849 82.960000000 0.6403359362 221.70000000
 4213.0000000 285853.44106 7396837.8472 -3047.617811 3064.6178105 -830.6089381 -1232.772760 222.89382849 83.150000000 0.4186844723 222.06000000
 4240.0000000 285835.51114 7396817.9093 -3050.817060 3067.8170599 -848.5388566 -1252.710700 222.70382849 83.240000000 0.2322545085 221.87000000
 4267.0000000 285817.68509 7396797.8627 -3053.915693 3070.9156929 -866.3649076 -1272.757255 222.25382849 83.580000000 0.6240373377 221.42000000
 4297.0000000 285798.02234 7396775.4730 -3057.431404 3074.4314040 -886.0276628 -1295.147020 221.99382849 82.960000000 0.6716181389 221.16000000
 4308.0000000 285790.84074 7396767.2491 -3058.785305 3075.7853047 -893.2092560 -1303.370852 221.93382849 82.900000000 0.2305386515 221.10000000
