# WELL TRACE FROM PETREL 
# WELL NAME:              7-PPT-12H-RJS
# DEFINITIVE SURVEY:      Explicit survey 1
# WELL HEAD X-COORDINATE: 286810.00000000 (m)
# WELL HEAD Y-COORDINATE: 7399225.54000000 (m)
# WELL DATUM (KB, Kelly bushing, from MSL): 22.00000000 (m)
# WELL TYPE:              OIL
# MD AND TVD ARE REFERENCED (=0) AT WELL DATUM AND INCREASE DOWNWARDS
# ANGLES ARE GIVEN IN DEGREES
# XYZ TRACE IS GIVEN IN COORDINATE SYSTEM BRAZIL SIRGAS 2000 (WGS84) UTM24S CM 39W (Brazil SIRGAS 2000 (WGS84) UTM24S Lon range 42W - 36W) [Chevron,720787]
# AZIM_TN: azimuth in True North 
# AZIM_GN: azimuth in Grid North 
# DX DY ARE GIVEN IN GRID NORTH IN m-UNITS
# DEPTH (Z, tvd_z) GIVEN IN m-UNITS
#===============================================================================================================================================
      MD            X            Y            Z           TVD           DX          DY        AZIM_TN        INCL         DLS        AZIM_GN
#===============================================================================================================================================
 0.0000000000 286810.00000 7399225.5400 22.000000000 0.0000000000 -0.000000003 0.0000000000 0.8329225075 0.0000000000 0.0000000000 0.0000000000
 1027.0000000 286810.00000 7399225.5400 -1005.000000 1027.0000000 -0.000000003 0.0000000000 0.8329225075 0.0000000000 0.0000000000 0.0000000000
 1046.0000000 286809.99656 7399225.5170 -1023.999981 1045.9999811 -0.003439656 -0.022960401 189.35293203 0.1400000016 0.2210526341 188.52000952
 1068.0000000 286809.99545 7399225.4618 -1045.999911 1067.9999113 -0.004551746 -0.078205255 175.11292614 0.1499999988 0.0508491263 174.28000363
 1091.0000000 286809.98804 7399225.4036 -1068.999835 1090.9998352 -0.011958000 -0.136423128 201.05292930 0.1499999988 0.0878245929 200.22000679
 1120.0000000 286809.94635 7399225.3115 -1097.999655 1119.9996552 -0.053650534 -0.228511625 207.67292460 0.2499999981 0.1060032085 206.84000209
 1149.0000000 286809.93879 7399225.1794 -1126.999337 1148.9993374 -0.061212292 -0.360573181 165.30292830 0.3100000083 0.2172030293 164.47000580
 1178.0000000 286810.00999 7399225.0973 -1155.999101 1177.9991014 0.0099926862 -0.442728502 98.272927660 0.1999999985 0.3063689907 97.440005153
 1207.0000000 286810.10611 7399225.0150 -1184.998798 1206.9987977 0.1061073430 -0.525043702 149.61292543 0.3499999973 0.2833841206 148.78000292
 1235.0000000 286810.19707 7399224.8760 -1212.998305 1234.9983050 0.1970673479 -0.663993913 145.51291921 0.3300000028 0.0337316922 144.67999670
 1264.0000000 286810.34252 7399224.6879 -1241.997301 1263.9973011 0.3425229557 -0.852135519 141.83292643 0.6100000326 0.2911846151 141.00000392
 1292.0000000 286810.54335 7399224.4354 -1269.995440 1291.9954399 0.5433510715 -1.104564491 142.75292463 0.7099999785 0.1077393049 141.92000212
 1321.0000000 286810.79411 7399224.1306 -1298.992746 1320.9927463 0.7941080767 -1.409442239 140.26291906 0.8500000201 0.1489783505 139.42999656
 1350.0000000 286811.03776 7399223.7845 -1327.989649 1349.9896486 1.0377632965 -1.755543324 151.24293036 0.8299999989 0.1675362953 150.41000785
 1378.0000000 286811.31971 7399223.3874 -1355.985364 1377.9853635 1.3197060384 -2.152604078 141.35293069 1.1699999856 0.4072268423 140.52000818
 1407.0000000 286811.67641 7399222.8880 -1384.978859 1406.9788594 1.6764066301 -2.651959232 148.95292175 1.2600000009 0.1907384882 148.11999924
 1436.0000000 286812.02170 7399222.3190 -1413.971218 1435.9712180 2.0216955758 -3.220984578 150.16292849 1.3699999841 0.1173566316 149.33000599
 1466.0000000 286812.44612 7399221.6335 -1443.960340 1465.9603403 2.4461230040 -3.906484918 148.19292722 1.7100000775 0.3440474557 147.36000471
 1493.0000000 286812.93871 7399220.9089 -1470.946090 1492.9460897 2.9387147906 -4.631123642 145.29293324 2.0100000218 0.3492500879 144.46001073
 1525.0000000 286813.72387 7399219.8933 -1502.920193 1524.9201929 3.7238721006 -5.646717365 141.44292703 2.5899998359 0.5624095618 140.61000452
 1551.0000000 286814.41045 7399219.0053 -1528.895937 1550.8959368 4.4104459475 -6.534663781 144.96293140 2.3599998323 0.3179861176 144.13000889
 1580.0000000 286815.10141 7399218.0750 -1557.872772 1579.8727724 5.1014130218 -7.464986253 143.45292159 2.2199999508 0.1576926284 142.61999909
 1609.0000000 286815.75156 7399217.2151 -1586.852724 1608.8527239 5.7515614609 -8.324865191 144.05292771 2.0399999202 0.1876279875 143.22000521
 1636.0000000 286816.32860 7399216.4434 -1613.835528 1635.8355278 6.3285993033 -9.096628553 144.04293321 2.0499999574 0.0111182168 143.21001070
 1665.0000000 286816.95328 7399215.6278 -1642.817329 1664.8173289 6.9532809854 -9.912248132 142.71293134 2.0100000218 0.0639311492 141.88000883
 1694.0000000 286817.56267 7399214.8104 -1671.799404 1693.7994041 7.5626698931 -10.72961253 145.53292348 2.0200000591 0.1030829716 144.70000097
 1723.0000000 286818.14708 7399214.0026 -1700.782262 1722.7822616 8.1470781313 -11.53739258 144.33292650 1.9199998997 0.1118990390 143.50000399
 1751.0000000 286818.74035 7399213.2417 -1728.765631 1750.7656309 8.7403522265 -12.29827730 141.52292886 2.0299998829 0.1569898835 140.69000636
 1779.0000000 286819.31703 7399212.5173 -1756.750294 1778.7502942 9.3170294149 -13.02272678 143.22292586 1.7599999437 0.2954577279 142.39000335
 1791.0000000 286819.54249 7399212.2350 -1768.744856 1790.7448564 9.5424866525 -13.30495912 141.16292824 1.6900000029 0.2337645572 140.33000574
 1821.0000000 286819.93223 7399211.5687 -1798.734754 1820.7347544 9.9322305260 -13.97130196 162.60293128 1.3099999738 0.6713669474 161.77000877
 1851.0000000 286820.05524 7399211.0026 -1828.729074 1850.7290745 10.055239897 -14.53744403 177.09292192 0.9200000142 0.4782909850 176.25999941
 1880.0000000 286819.87938 7399210.6607 -1857.726196 1879.7261958 9.8793807176 -14.87931099 241.01292187 0.8699999879 0.9811210032 240.17999936
 1908.0000000 286819.48093 7399210.5762 -1885.723133 1907.7231330 9.4809265704 -14.96375219 276.51292285 0.8799999718 0.5716914860 275.68000035
 1937.0000000 286819.04867 7399210.6707 -1914.719743 1936.7197431 9.0486667225 -14.86926714 289.81294154 0.8799999718 0.2108352326 288.98001903
 1965.0000000 286818.62755 7399210.7858 -1942.716336 1964.7163359 8.6275544789 -14.75419021 282.54292180 0.9099999769 0.1257482422 281.70999929
 1994.0000000 286818.17814 7399210.8746 -1971.712719 1993.7127186 8.1781407569 -14.66542409 281.46293520 0.8999999397 0.0204544241 280.63001269
 2023.0000000 286817.71360 7399210.9501 -2000.708899 2022.7088986 7.7135970262 -14.58992398 278.75294367 0.9599999499 0.0769445801 277.92002116
 2051.0000000 286817.26207 7399211.0325 -2028.705135 2050.7051345 7.2620673329 -14.50748266 283.71293526 0.9200000142 0.0971048639 282.88001275
 2080.0000000 286816.82004 7399211.1319 -2057.701596 2079.7015956 6.8200411241 -14.40814211 283.27293281 0.8699999879 0.0522101493 282.44001030
 2109.0000000 286816.37840 7399211.2205 -2086.698097 2108.6980973 6.3783985411 -14.31952480 281.13291810 0.9099999769 0.0537954823 280.29999559
 2137.0000000 286815.94520 7399211.2770 -2114.694687 2136.6946868 5.9452039293 -14.26300207 275.30293137 0.8799999718 0.1026745638 274.47000886
 2165.0000000 286815.51484 7399211.3195 -2142.691348 2164.6913476 5.5148428108 -14.22048945 277.63291800 0.8899999558 0.0400162509 276.79999550
 2195.0000000 286815.05697 7399211.3715 -2172.687809 2194.6878091 5.0569698677 -14.16849394 276.98292409 0.8699999879 0.0223526512 276.15000158
 2223.0000000 286814.63115 7399211.4766 -2200.684353 2222.6843535 4.6311452348 -14.06335787 291.84294037 0.9399999820 0.2615640225 291.01001786
 2252.0000000 286814.19209 7399211.6123 -2229.680706 2251.6807062 4.1920936496 -13.92765092 283.91291696 0.8799999718 0.1441580588 283.07999445
 2281.0000000 286813.77711 7399211.7590 -2258.677353 2280.6773527 3.7771082216 -13.78095662 296.76292342 0.8699999879 0.2028351587 295.93000091
 2296.0000000 286813.57625 7399211.8712 -2273.675587 2295.6755872 3.5762463602 -13.66880674 303.18293702 0.8899999558 0.2011032399 302.35001452
 2319.0000000 286813.20079 7399212.1149 -2296.671173 2318.6711733 3.2007900181 -13.42510411 304.24293461 1.3399999789 0.5875477412 303.41001211
 2348.0000000 286812.47676 7399212.5449 -2325.658786 2347.6587861 2.4767614102 -12.99505742 299.72294547 1.9899999472 0.6854822297 298.89002297
 2360.0000000 286812.05177 7399212.7547 -2337.649375 2359.6493750 2.0517726253 -12.78527782 295.05293192 2.5399998629 1.4492323456 294.22000941
 2375.0000000 286811.34154 7399213.0572 -2352.629374 2374.6293736 1.3415404028 -12.48278125 293.03294285 3.3599999313 1.6528734227 292.20002034
 2389.0000000 286810.46214 7399213.4065 -2366.597181 2388.5971810 0.4621374912 -12.13350022 292.08293061 4.3899999286 2.2113507828 291.25000810
 2404.0000000 286809.20545 7399213.9047 -2381.535697 2403.5356966 -0.794547247 -11.63533695 292.73292453 5.9499997671 3.1221481202 291.90000202
 2417.0000000 286807.78712 7399214.4766 -2394.445028 2416.4450285 -2.212881843 -11.06339998 292.84294040 7.5600000055 3.7155034789 292.01001789
 2433.0000000 286805.59553 7399215.3360 -2410.270289 2432.2702887 -4.404470916 -10.20395326 291.76292328 9.3599998848 3.3879758355 290.93000077
 2449.0000000 286802.91088 7399216.3249 -2426.011765 2448.0117645 -7.089122687 -9.215059553 290.46293545 11.240000062 3.5516191922 289.63001294
 2461.0000000 286800.56315 7399217.1329 -2437.751869 2459.7518685 -9.436845941 -8.407129274 289.25294396 12.640000158 3.5553232664 288.42002145
 2478.0000000 286796.73333 7399218.3167 -2454.271697 2476.2716969 -13.26666627 -7.223318266 286.93293657 14.639999929 3.6583958422 286.10001406
 2490.0000000 286793.64886 7399219.1235 -2465.840094 2487.8400936 -16.35113968 -6.416540627 284.18293650 16.180000974 4.2604214373 283.35001399
 2504.0000000 286789.64519 7399219.9725 -2479.228104 2501.2281036 -20.35480915 -5.567474188 281.55293154 17.819999403 3.8805428567 280.72000903
 2519.0000000 286784.91735 7399220.7580 -2493.441450 2515.4414495 -25.08265392 -4.781995043 279.08293025 19.450000143 3.6213789957 278.25000774
 2531.0000000 286780.82797 7399221.2839 -2504.710810 2526.7108105 -29.17203175 -4.256141548 277.29292166 20.739999188 3.5724029458 276.45999915
 2546.0000000 286775.33707 7399221.7741 -2518.660674 2540.6606743 -34.66292623 -3.765873760 274.67292647 22.389998722 3.8201704501 273.84000396
 2559.0000000 286770.28592 7399221.9994 -2530.637107 2552.6371072 -39.71407915 -3.540569262 272.15293738 23.389999888 3.2309296364 271.32001487
 2576.0000000 286763.33516 7399221.9567 -2546.150690 2568.1506903 -46.66484043 -3.583328637 268.90293729 24.889999930 3.5358575971 268.07001478
 2589.0000000 286757.72385 7399221.6467 -2557.873049 2579.8730495 -52.27615066 -3.893283176 266.50294333 26.339999572 4.1139848421 265.67002082
 2604.0000000 286750.90290 7399220.9884 -2571.215980 2593.2159796 -59.09710148 -4.551630337 264.20292495 28.030000108 3.9795328855 263.37000245
 2618.0000000 286744.22326 7399220.0450 -2583.483263 2605.4832635 -65.77674352 -5.495034825 261.45292488 29.589998239 4.3854922446 260.62000237
 2633.0000000 286736.74870 7399218.6724 -2596.415529 2618.4155287 -73.25129763 -6.867580156 259.45292482 31.290001588 3.9577385059 258.62000231
 2647.0000000 286729.47670 7399217.1052 -2608.275693 2630.2756933 -80.52329901 -8.434813251 257.92292600 32.900000119 3.8646004165 257.09000349
 2661.0000000 286721.93081 7399215.2848 -2619.926915 2641.9269148 -88.06919059 -10.25518687 256.64292718 34.439999456 3.6333535834 255.81000468
 2678.0000000 286712.39247 7399212.8848 -2633.792960 2655.7929596 -97.60752877 -12.65521984 256.77293207 36.249999586 3.1968724128 255.94000956
 2690.0000000 286705.37986 7399211.1484 -2643.375052 2665.3750521 -104.6201425 -14.39162244 257.07291987 37.770000129 3.8267139633 256.23999736
 2710.0000000 286693.15188 7399208.3225 -2658.946968 2680.9469681 -116.8481239 -17.21752526 258.53294189 39.959997833 3.5606634996 257.70001938
 2720.0000000 286686.80655 7399207.0119 -2666.564672 2688.5646719 -123.1934541 -18.52806910 259.78294192 40.799998403 3.5002812042 258.95001941
 2734.0000000 286677.72032 7399205.3428 -2677.084850 2699.0848503 -132.2796791 -20.19715750 261.05293097 41.770001379 2.7466710075 260.22000846
 2747.0000000 286669.16005 7399203.8920 -2686.761661 2708.7616614 -140.8399519 -21.64803233 261.37293830 42.019999963 0.7589555040 260.54001580
 2776.0000000 286649.99317 7399200.7722 -2708.302743 2730.3027429 -160.0068315 -24.76782388 261.80293099 42.040002172 0.2985333105 260.97000848
 2790.0000000 286640.70681 7399199.3022 -2718.677279 2740.6772794 -169.2931913 -26.23779165 261.87293832 42.319998946 0.6083897698 261.04001581
 2804.0000000 286631.27794 7399197.8420 -2728.923529 2750.9235289 -178.7220571 -27.69798773 262.18293588 43.590000906 2.7588143362 261.35001338
 2818.0000000 286621.61063 7399196.3731 -2738.943827 2760.9438275 -188.3893749 -29.16691461 262.20292490 45.000001252 3.0215773527 261.37000239
 2833.0000000 286610.97346 7399194.7606 -2749.397193 2771.3971929 -199.0265393 -30.77940565 262.22294443 46.639997974 3.2801190947 261.39002192
 2847.0000000 286600.78288 7399193.2231 -2758.874082 2780.8740819 -209.2171190 -32.31687940 262.28294199 48.150002535 3.2371072151 261.45001948
 2861.0000000 286590.35411 7399191.6844 -2768.088168 2790.0881681 -219.6458888 -33.85563121 262.59293956 49.529997861 2.9991189498 261.76001705
 2879.0000000 286576.62920 7399189.6906 -2779.563790 2801.5637902 -233.3708013 -35.84939429 262.54292125 51.250000003 2.8673894023 261.70999874
 2890.0000000 286568.06994 7399188.4219 -2786.357106 2808.3571063 -241.9300619 -37.11807610 262.26292246 52.470001563 3.3810433231 261.42999995
 2905.0000000 286556.18444 7399186.5954 -2795.325398 2817.3253981 -253.8155644 -38.94461520 261.93293588 54.089999490 3.2828916429 261.10001337
 2918.0000000 286545.68686 7399184.9591 -2802.818827 2824.8188273 -264.3131407 -40.58091959 262.01292245 55.509999234 3.2803915044 261.17999994
 2933.0000000 286533.35757 7399183.0427 -2811.146691 2833.1466910 -276.6424292 -42.49733917 261.98292367 57.039999174 3.0604066723 261.15000116
 2949.0000000 286519.95730 7399180.9816 -2819.645196 2841.6451962 -290.0426982 -44.55840395 262.19291513 58.789999507 3.2981620189 261.35999262
 2959.0000000 286511.46412 7399179.6834 -2824.764080 2846.7640804 -298.5358758 -45.85656021 262.09293954 59.630003492 2.5331486882 261.26001704
 2976.0000000 286496.89981 7399177.4614 -2833.249868 2855.2498685 -313.1001871 -48.07863614 262.22294443 60.480000044 1.5131091540 261.39002192
 2989.0000000 286485.66118 7399175.7627 -2839.562243 2861.5622429 -324.3388176 -49.77730101 262.25294321 61.419997998 2.1700700493 261.42002070
 3005.0000000 286471.65779 7399173.6259 -2847.004387 2869.0043867 -338.3422050 -51.91405399 262.06294076 63.139996725 3.2403784847 261.23001826
 3018.0000000 286460.12487 7399171.8395 -2852.734656 2874.7346561 -349.8751349 -53.70052031 261.99293344 64.550000487 3.2570843082 261.16001093
 3034.0000000 286445.72590 7399169.6196 -2859.351610 2881.3516098 -364.2740950 -55.92043753 262.14292734 66.589993577 3.8335467409 261.31000483
 3052.0000000 286429.25881 7399167.1101 -2866.177024 2888.1770240 -380.7411921 -58.42991001 262.19291513 68.839994494 3.7507936779 261.35999262
 3062.0000000 286420.00855 7399165.7145 -2869.714187 2891.7141871 -389.9914479 -59.82554999 262.31294077 69.730002293 2.6911809478 261.48001826
 3075.0000000 286407.94178 7399163.8949 -2874.200934 2896.2009338 -402.0582158 -61.64509968 262.20292490 69.889999475 0.4394372103 261.37000239
 3091.0000000 286393.02465 7399161.6175 -2879.525926 2901.5259263 -416.9753468 -63.92247300 262.10291879 71.230000628 2.5187161421 261.26999628
 3103.0000000 286381.74535 7399159.8804 -2883.240002 2905.2400023 -428.2546549 -65.65955686 262.05293100 72.710000168 3.7019064949 261.22000849
 3117.0000000 286368.48065 7399157.8127 -2887.217266 2909.2172663 -441.5193542 -67.72734700 261.89292733 74.280001111 3.3803093914 261.06000482
 3133.0000000 286353.20456 7399155.3821 -2891.315040 2913.3150400 -456.7954372 -70.15789163 261.69291512 76.039997426 3.3198431044 260.85999261
 3147.0000000 286339.74298 7399153.2320 -2894.510669 2916.5106692 -470.2570151 -72.30802041 261.82292000 77.570000781 3.2897776145 260.98999750
 3161.0000000 286326.19987 7399151.0821 -2897.341233 2919.3412326 -483.8001295 -74.45789664 261.80293099 79.099997306 3.2788323197 260.97000848
 3176.0000000 286311.60274 7399148.7558 -2899.901966 2921.9019660 -498.3972611 -76.78424439 261.75294320 81.239998026 4.2811347657 260.92002069
 3190.0000000 286297.92978 7399146.5436 -2901.955580 2923.9555801 -512.0702219 -78.99635540 261.53294197 81.889999809 1.4688513916 260.70001946
 3205.0000000 286283.26956 7399144.1259 -2904.030211 2926.0302113 -526.7304398 -81.41414739 261.40293708 82.210001001 0.6898657201 260.57001458
 3234.0000000 286254.84659 7399139.3949 -2907.330441 2929.3304411 -555.1534096 -86.14505996 261.36292854 84.719999899 2.5968760930 260.53000603
 3254.0000000 286235.19586 7399136.1153 -2909.125708 2931.1257082 -574.8041363 -89.42465945 261.35291877 84.980004710 0.3902938020 260.51999626
 3268.0000000 286221.41658 7399133.8898 -2910.237530 2932.2375299 -588.5834234 -91.65020439 261.96293466 85.910003267 2.3810426208 261.13001215
 3279.0000000 286210.58004 7399132.1550 -2911.011558 2933.0115580 -599.4199561 -93.38497301 261.51292244 86.019996634 1.2604803316 260.67999993
 3308.0000000 286182.06216 7399127.2778 -2913.062296 2935.0622963 -627.9378436 -98.26217998 260.74293340 85.869998849 0.8095562021 259.91001089
 3336.0000000 286154.58510 7399122.3463 -2915.283493 2937.2834926 -655.4149014 -103.1936952 260.57291997 85.029994864 0.9181391689 259.73999746
 3365.0000000 286126.17770 7399117.2401 -2918.143552 2940.1435518 -683.8222981 -108.2999309 260.71293462 83.650002954 1.4348354632 259.88001211
 3392.0000000 286099.73644 7399112.4920 -2920.888443 2942.8884430 -710.2635554 -113.0479713 260.59293950 84.680002311 1.1521039737 259.76001699
 3403.0000000 286088.96027 7399110.5132 -2921.887315 2943.8873150 -721.0397265 -115.0267516 260.26292240 84.900002704 1.0786122635 259.42999990
 3421.0000000 286071.24362 7399107.5045 -2922.902990 2944.9029901 -738.7563825 -118.0354877 262.12293832 88.629996331 6.9442749513 261.29001582
 3441.0000000 286051.45419 7399104.6211 -2923.337552 2945.3375518 -758.5458095 -120.9189264 262.96293468 88.879994915 1.3143278239 262.13001218
 3449.0000000 286043.52917 7399103.5334 -2923.516259 2945.5162593 -766.4708291 -122.0066378 263.07292004 88.559993722 1.2688720779 262.23999753
 3469.0000000 286023.71535 7399100.8333 -2924.020607 2946.0206068 -786.2846520 -124.7067170 263.07292004 88.550001155 0.0149888501 262.23999753
 3480.0000000 286012.81516 7399099.3818 -2924.363246 2946.3632464 -797.1848368 -126.1582213 263.42292615 87.879993748 2.0613815251 262.59000365
 3509.0000000 285984.07890 7399095.5960 -2925.446149 2947.4461494 -825.9211010 -129.9439913 263.23292371 87.839996161 0.2007280359 262.40000120
 3537.0000000 285956.34118 7399091.8901 -2926.516126 2948.5161257 -853.6588156 -133.6499363 263.21293469 87.779999779 0.0677507503 262.38001218
 3564.0000000 285929.64839 7399087.9269 -2927.505574 2949.5055737 -880.3516068 -137.6130514 261.56294075 88.019998966 1.8513991148 260.73001824
 3592.0000000 285902.00274 7399083.6051 -2928.636600 2950.6365995 -907.9972565 -141.9348894 262.33292978 87.349998390 1.0930723159 261.50000728
 3621.0000000 285873.33888 7399079.3622 -2929.924317 2951.9243169 -936.6611174 -146.1778387 262.49293345 87.559999386 0.2730154337 261.66001094
 3650.0000000 285844.65008 7399075.2919 -2931.212043 2953.2120426 -965.3499160 -150.2481174 263.02293224 87.349998390 0.5892421122 262.19000974
 3679.0000000 285815.94094 7399071.3873 -2932.560435 2954.5604350 -994.0590641 -154.1527270 263.15293713 87.320000199 0.1378799922 262.32001462
 3708.0000000 285787.23729 7399067.4451 -2933.916413 2955.9164129 -1022.762708 -158.0948615 262.87293834 87.320000199 0.2893371103 262.04001584
 3738.0000000 285757.53280 7399063.3471 -2934.968607 2956.9686073 -1052.467201 -162.1929208 263.08292981 88.660001352 1.3563344875 262.25000730
 3767.0000000 285728.82641 7399059.2794 -2935.783399 2957.7833992 -1081.173587 -166.2605568 262.45292490 88.119999766 0.8581791309 261.62000240
 3795.0000000 285701.12769 7399055.2658 -2936.748377 2958.7483772 -1108.872306 -170.2742348 262.72294444 87.929997563 0.3536115611 261.89002194
 3822.0000000 285674.41681 7399051.4476 -2937.838996 2959.8389958 -1135.583187 -174.0924216 262.67292613 87.439999792 0.5472665519 261.84000362
 3851.0000000 285645.73389 7399047.3398 -2939.141881 2961.1418814 -1164.266110 -178.2001750 262.69291515 87.410001601 0.0372793720 261.85999264
 3881.0000000 285616.09180 7399043.0340 -2940.889663 2962.8896625 -1193.908197 -182.5059791 262.44291514 85.910003267 1.5206180538 261.60999263
 3910.0000000 285587.47869 7399038.7475 -2942.937848 2964.9378480 -1222.521310 -186.7924793 262.18293588 85.989998443 0.2807458956 261.35001338
 3926.0000000 285571.69575 7399036.3592 -2944.069272 2966.0692724 -1238.304245 -189.1808462 262.27293222 85.900003870 0.2383379620 261.44000972
