# WELL TRACE FROM PETREL 
# WELL NAME:              7-PPT-18H-RJS
# DEFINITIVE SURVEY:      Explicit survey 1
# WELL HEAD X-COORDINATE: 287512.62000000 (m)
# WELL HEAD Y-COORDINATE: 7396122.74000000 (m)
# WELL DATUM (KB, Kelly bushing, from MSL): 22.00000000 (m)
# WELL TYPE:              OIL
# MD AND TVD ARE REFERENCED (=0) AT WELL DATUM AND INCREASE DOWNWARDS
# ANGLES ARE GIVEN IN DEGREES
# XYZ TRACE IS GIVEN IN COORDINATE SYSTEM BRAZIL SIRGAS 2000 (WGS84) UTM24S CM 39W (Brazil SIRGAS 2000 (WGS84) UTM24S Lon range 42W - 36W) [Chevron,720787]
# AZIM_TN: azimuth in True North 
# AZIM_GN: azimuth in Grid North 
# DX DY ARE GIVEN IN GRID NORTH IN m-UNITS
# DEPTH (Z, tvd_z) GIVEN IN m-UNITS
#===============================================================================================================================================
      MD            X            Y            Z           TVD           DX          DY        AZIM_TN        INCL         DLS        AZIM_GN
#===============================================================================================================================================
 0.0000000000 287512.62000 7396122.7400 22.000000000 0.0000000000 -0.000000000 0.0000000037 0.8312888043 0.0000000000 0.0000000000 360.00000000
 1290.0000000 287512.62000 7396122.7400 -1268.000000 1290.0000000 -0.000000000 0.0000000037 0.8312888043 0.0000000000 0.0000000000 360.00000000
 1332.0000000 287512.56673 7396122.8805 -1309.999642 1331.9996416 -0.053273024 0.1405377034 340.07128848 0.4099999808 0.2928571292 339.23999967
 1370.0000000 287512.53529 7396123.1727 -1347.998481 1369.9984812 -0.084714060 0.4326720964 6.6312891565 0.4999999961 0.1789300573 5.8000003521
 1398.0000000 287512.57141 7396123.4513 -1375.997064 1397.9970638 -0.048585298 0.7112939470 9.4412887006 0.6499999683 0.1634816317 8.6099998963
 1426.0000000 287512.59709 7396123.7159 -1403.995785 1425.9957850 -0.022909281 0.9758621994 1.8412888229 0.4399999859 0.2374720766 1.0100000186
 1454.0000000 287512.59594 7396123.8966 -1431.995195 1453.9951945 -0.024058431 1.1566255847 358.45129387 0.2999999977 0.1517573559 357.62000507
 1512.0000000 287512.50727 7396124.4034 -1489.992778 1511.9927780 -0.112725669 1.6634090655 347.77130090 0.7200000158 0.2218013677 346.94001210
 1570.0000000 287512.29799 7396125.0620 -1547.988649 1569.9886488 -0.322011312 2.3220281284 338.14129575 0.6499999683 0.0695664951 337.31000695
 1600.0000000 287512.15931 7396125.3581 -1577.986865 1599.9868652 -0.460689739 2.6181456726 333.13128584 0.5999999954 0.0740263699 332.29999704
 1627.0000000 287511.96410 7396125.7321 -1604.983452 1626.9834519 -0.655895586 2.9920638334 333.33129806 1.1900000602 0.6555638199 332.50000925
 1657.0000000 287511.72195 7396126.2023 -1634.978742 1656.9787417 -0.898051820 3.4622523747 333.94128343 0.8299999989 0.3601554948 333.10999462
 1683.0000000 287511.56585 7396126.5834 -1660.975466 1682.9754659 -1.054146022 3.8433957463 342.43130441 0.9899999550 0.2409509787 341.60001561
 1711.0000000 287511.35034 7396127.0109 -1688.971345 1710.9713450 -1.269655745 4.2708667712 325.72131249 0.9899999550 0.3082411466 324.89002369
 1741.0000000 287511.07678 7396127.5114 -1718.965888 1740.9658878 -1.543216224 4.7713901568 337.49130183 1.1999999907 0.3066772818 336.66001303
 1768.0000000 287510.82919 7396128.0536 -1745.959303 1767.9593034 -1.790806411 5.3135779202 335.20129323 1.3300000484 0.1549544055 334.37000442
 1796.0000000 287510.55250 7396128.6336 -1773.951929 1795.9519289 -2.067499398 5.8936384860 335.46130300 1.2999999366 0.0327725268 334.63001419
 1885.0000000 287509.50660 7396130.6713 -1862.922316 1884.9223158 -3.113403015 7.9312821589 332.24130169 1.6499999605 0.1211944356 331.41001288
 1914.0000000 287509.18818 7396131.4145 -1891.911006 1913.9110064 -3.431820340 8.6745211184 343.35128735 1.5599999452 0.3344967563 342.51999855
 1943.0000000 287508.94941 7396132.1619 -1920.900395 1942.9003953 -3.670589014 9.4218517095 342.87130687 1.5399999774 0.0246665592 342.04001806
 1968.0000000 287508.74221 7396132.8011 -1945.891365 1967.8913654 -3.877794831 10.061084570 342.87130687 1.5399999774 0.0000000000 342.04001806
 1997.0000000 287508.49280 7396133.6297 -1974.878411 1996.8784114 -4.127197112 10.889723508 345.07128862 1.8799999641 0.3581562100 344.23999981
 2024.0000000 287508.25218 7396134.4823 -2001.863878 2023.8638781 -4.367817661 11.742330174 345.07128862 1.8799999641 0.0000000000 344.23999981
 2053.0000000 287508.04326 7396135.3424 -2030.850341 2052.8503414 -4.576744036 12.602379286 349.62130706 1.6199999554 0.3047613891 348.79001825
 2082.0000000 287507.91561 7396136.1390 -2059.839115 2081.8391149 -4.704389081 13.398979868 353.90130595 1.5700000892 0.1336132066 353.07001715
 2112.0000000 287507.84484 7396136.9680 -2089.827573 2111.8275730 -4.775161788 14.227991413 357.95129386 1.6100000249 0.1192520340 357.12000505
 2142.0000000 287507.79126 7396137.7856 -2119.816381 2141.8163813 -4.828739967 15.045597348 356.16128526 1.5200000096 0.1024097934 355.32999646
 2173.0000000 287507.75623 7396138.6635 -2150.803910 2172.8039096 -4.863771751 15.923459940 0.6412963756 1.7300000453 0.2373720334 359.81000757
 2198.0000000 287507.74651 7396139.4553 -2175.791359 2197.7913586 -4.873487019 16.715306839 359.66128536 1.9000000386 0.2073650761 358.82999656
 2222.0000000 287507.68215 7396140.1856 -2199.780115 2221.7801153 -4.937847900 17.445635814 351.23129245 1.6100000249 0.4844135258 350.40000365
 2251.0000000 287507.48082 7396140.7040 -2228.774292 2250.7742923 -5.139175629 17.964038368 312.00131089 0.6999999946 1.1957427282 311.17002209
 2280.0000000 287507.16983 7396140.7698 -2257.772378 2279.7723783 -5.450167643 18.029774615 254.84129038 0.7299999997 0.7081910565 254.01000158
 2310.0000000 287506.88546 7396140.5394 -2287.770021 2309.7700213 -5.734542843 17.799402756 210.35129891 0.7799999726 0.5734934954 209.52001010
 2337.0000000 287506.66085 7396140.2572 -2314.767592 2336.7675921 -5.959145248 17.517151468 228.45129026 0.7699999887 0.2711131793 227.62000145
 2365.0000000 287506.45929 7396139.9606 -2342.765252 2364.7652516 -6.160707834 17.220642140 201.07129987 0.7399999836 0.3841568538 200.24001107
 2395.0000000 287506.35801 7396139.6041 -2372.762957 2394.7629566 -6.261986290 16.864126743 191.92129046 0.6800000267 0.1280835536 191.09000166
 2423.0000000 287506.25775 7396139.2816 -2400.760912 2422.7609116 -6.362247425 16.541550270 204.01128713 0.7099999785 0.1600563011 203.17999833
 2451.0000000 287506.11177 7396138.9696 -2428.758794 2450.7587936 -6.508232602 16.229642000 207.84128907 0.6999999946 0.0516052672 207.01000027
 2480.0000000 287505.93192 7396138.6501 -2457.756473 2479.7564735 -6.688078866 15.910057819 212.40130202 0.7500000209 0.0789432254 211.57001321
 2508.0000000 287505.76275 7396138.3393 -2485.754235 2507.7542354 -6.857248992 15.599294429 206.17129086 0.6999999946 0.0999402361 205.34000205
 2538.0000000 287505.64043 7396137.9769 -2515.751785 2537.7517855 -6.979569770 15.236866266 193.40130149 0.7699999887 0.1776586687 192.57001268
 2546.0000000 287505.62228 7396137.8724 -2523.751083 2545.7510827 -6.997724816 15.132424553 187.91129584 0.7500000209 0.2830638261 187.08000704
 2557.0000000 287505.58603 7396137.7069 -2534.749766 2556.7497658 -7.033968748 14.966948303 197.06128999 1.0199999601 0.8288713498 196.23000119
 2571.0000000 287505.51671 7396137.4561 -2548.747346 2570.7473462 -7.103286598 14.716117825 195.56128995 1.1099999754 0.2018824699 194.73000115
 2584.0000000 287505.45584 7396137.2152 -2561.744972 2583.7449721 -7.164162563 14.475230895 194.45128931 1.0800000770 0.0847855757 193.62000051
 2601.0000000 287505.28990 7396136.8492 -2578.740114 2600.7401137 -7.330096718 14.109223797 212.20128980 1.6599999978 1.2566133669 211.37000100
 2614.0000000 287504.93160 7396136.5165 -2591.730578 2613.7305781 -7.688395111 13.776484724 237.38129844 2.7500000054 3.3083730644 236.55000963
 2630.0000000 287504.10011 7396136.0705 -2607.702355 2629.7023547 -8.519894998 13.330511816 246.20129075 4.0300002943 2.5846520591 245.37000195
 2642.0000000 287503.23112 7396135.6714 -2619.664026 2641.6640264 -9.388880838 12.931390333 246.13129868 5.1100000511 2.7000348860 245.30000988
 2660.0000000 287501.50852 7396134.9146 -2637.564715 2659.5647149 -11.11148187 12.174553897 247.84129018 6.8899998559 2.9812588385 247.01000138
 2673.0000000 287499.92891 7396134.2465 -2650.450805 2672.4508049 -12.69108696 11.506504541 247.96130056 8.2700007310 3.1848252096 247.13001176
 2687.0000000 287497.88173 7396133.3865 -2664.273118 2686.2731179 -14.73827379 10.646450084 248.11129446 9.9799992077 3.6646338821 247.28000566
 2700.0000000 287495.64545 7396132.4540 -2677.045022 2699.0450218 -16.97455334 9.7140013240 248.27129813 11.499999751 3.5083650488 247.44000933
 2715.0000000 287492.69871 7396131.2073 -2691.699382 2713.6993825 -19.92129452 8.4672611300 247.57130116 13.129999637 3.2735873979 246.74001236
 2729.0000000 287489.61989 7396129.8617 -2705.289909 2727.2899086 -23.00010841 7.1216753498 246.91129748 14.639999929 3.2534141719 246.08000868
 2742.0000000 287486.47871 7396128.4577 -2717.826143 2739.8261428 -26.14128594 5.7177469032 246.60129992 16.049998568 3.2593341502 245.77001111
 2757.0000000 287482.51816 7396126.6836 -2732.184374 2754.1843743 -30.10183874 3.9435512908 246.79130236 17.580000216 3.0619732485 245.96001356
 2773.0000000 287477.92220 7396124.6564 -2747.375234 2769.3752340 -34.69779835 1.9163662167 247.25129383 19.009999356 2.6948628095 246.42000503
 2787.0000000 287473.57985 7396122.7601 -2760.548823 2782.5488229 -39.04015348 0.0201069377 247.23128956 20.549998694 3.3000304169 246.40000075
 2802.0000000 287468.52461 7396120.5767 -2774.501048 2796.5010484 -44.09538856 -2.163297167 247.69129628 22.520001128 3.9544225138 246.86000748
 2815.0000000 287463.77089 7396118.5715 -2786.433225 2808.4332248 -48.84910638 -4.168507840 248.21130057 24.239999855 3.9976544893 247.38001177
 2831.0000000 287457.50410 7396115.9762 -2800.924179 2822.9241786 -55.11590407 -6.763818065 248.45129081 25.919999287 3.1557624401 247.62000201
 2844.0000000 287452.08873 7396113.7662 -2812.534052 2834.5340522 -60.53126691 -8.973792768 248.80129693 27.549998319 3.7790302594 247.97000812
 2859.0000000 287445.47657 7396111.0969 -2825.730810 2847.7308097 -67.14342952 -11.64310408 248.89129327 29.209997250 3.3210991313 248.06000446
 2873.0000000 287438.97539 7396108.4599 -2837.846155 2859.8461551 -73.64460775 -14.28011769 248.62128899 30.929999392 3.6970939977 247.79000018
 2887.0000000 287432.16942 7396105.6895 -2849.762968 2871.7629680 -80.45057770 -17.05048595 248.74129937 32.380000742 3.1100740423 247.91001056
 2901.0000000 287425.05765 7396102.8091 -2861.473224 2883.4732238 -87.56234679 -19.93091725 248.82130120 34.080000675 3.6440674605 247.99001239
 2916.0000000 287417.10766 7396099.5848 -2873.778099 2895.7780988 -95.51234044 -23.15524466 248.69129631 35.679999809 3.2034492411 247.86000751
 2930.0000000 287409.37000 7396096.4590 -2885.019269 2907.0192689 -103.2500008 -26.28099442 248.97129510 37.489999939 3.8950138285 248.14000629
 2945.0000000 287400.74025 7396093.0120 -2896.794605 2918.7946046 -111.8797542 -29.72802523 249.14129327 39.060000882 3.1470542785 248.31000447
 2958.0000000 287392.99090 7396089.9249 -2906.765931 2928.7659308 -119.6291003 -32.81508237 249.08129571 40.759997400 3.9240740811 248.25000691
 2974.0000000 287383.16973 7396085.9258 -2918.748045 2940.7480452 -129.4502663 -36.81420724 248.28129264 42.249999753 2.9652799306 247.45000383
 2987.0000000 287374.96611 7396082.5321 -2928.245261 2950.2452613 -137.6538895 -40.20787544 248.43130180 43.880000493 3.7689577067 247.60001299
 3004.0000000 287363.89476 7396077.9551 -2940.307447 2962.3074474 -148.7252355 -44.78494503 248.31129142 45.720002229 3.2504880588 247.48000261
 3016.0000000 287355.87460 7396074.6231 -2948.589535 2970.5895354 -156.7453957 -48.11691953 248.23128959 46.990000773 3.1782928223 247.40000078
 3030.0000000 287346.32129 7396070.6355 -2958.016005 2980.0160048 -166.2987084 -52.10446373 248.12128897 48.360000116 2.9408801845 247.29000017
 3045.0000000 287335.86349 7396066.2588 -2967.839823 2989.8398226 -176.7565056 -56.48120328 248.12128897 49.810001466 2.9000026989 247.29000017
 3058.0000000 287326.61758 7396062.3778 -2976.114787 2998.1147872 -186.0024233 -60.36224416 248.00129385 51.119997598 3.0306012241 247.17000505
 3073.0000000 287315.74187 7396057.7937 -2985.374174 3007.3741744 -196.8781301 -64.94632162 247.95129080 52.639998141 3.0410188431 247.12000199
 3088.0000000 287304.62373 7396053.1272 -2994.298301 3016.2983007 -207.9962723 -69.61283791 248.17129203 54.339998074 3.4183395730 247.34000322
 3102.0000000 287294.02348 7396048.7050 -3002.305093 3024.3050928 -218.5965246 -74.03504167 248.20129081 55.890000223 3.3218516741 247.37000200
 3116.0000000 287283.21749 7396044.2069 -3009.988084 3031.9880836 -229.4025082 -78.53308064 248.26128837 57.539999757 3.5373461097 247.42999956
 3131.0000000 287271.40218 7396039.3337 -3017.841998 3039.8419982 -241.2178238 -83.40627080 248.57130119 59.310002299 3.5791926333 247.74001239
 3146.0000000 287259.33396 7396034.4114 -3025.268947 3047.2689471 -253.2860392 -88.32859197 248.71130059 61.330003426 4.0473180694 247.88001178
 3159.0000000 287248.67463 7396030.0984 -3031.335769 3053.3357686 -263.9453695 -92.64158620 248.89129327 63.029996529 3.9402210496 248.06000446
 3175.0000000 287235.31956 7396024.7639 -3038.351905 3060.3519049 -277.3004403 -97.97611679 249.22129511 64.949996856 3.6426892079 248.39000630
 3188.0000000 287224.29504 7396020.3990 -3043.684857 3065.6848570 -288.3249649 -102.3410252 249.24129938 66.609999201 3.8310059518 248.41001057
 3201.0000000 287213.13232 7396015.9827 -3048.677390 3070.6773901 -299.4876771 -106.7572742 249.25129389 68.219997732 3.7154422479 248.42000508
 3217.0000000 287199.22685 7396010.4912 -3054.381054 3076.3810536 -313.3931485 -112.2487656 249.31129145 70.009999068 3.3578976291 248.48000264
 3232.0000000 287186.03792 7396005.3000 -3059.295321 3081.2953206 -326.5820845 -117.4399962 249.38129877 71.739997192 3.4625239348 248.55000997
 3245.0000000 287174.49998 7396000.7667 -3063.215214 3085.2152140 -338.1200239 -121.9732904 249.38129877 73.160000351 3.2769303661 248.55000997
 3261.0000000 287160.20032 7395995.1223 -3067.656157 3089.6561574 -352.4196768 -127.6177127 249.20129083 74.610001701 2.7380190185 248.37000203
 3273.0000000 287149.40013 7395990.8713 -3070.709295 3092.7092953 -363.2198734 -131.8686704 249.49129939 75.910005266 3.3247796054 248.66001058
 3284.0000000 287139.41171 7395987.0303 -3073.260352 3095.2603524 -373.2082875 -135.7096988 250.10130001 77.269998382 4.0467147165 249.27001121
 3302.0000000 287122.94988 7395980.6959 -3076.856442 3098.8564416 -389.6701219 -142.0441002 249.47129511 79.679996480 4.1463135758 248.64000631
 3318.0000000 287108.28968 7395974.8527 -3079.501284 3101.5012835 -404.3303237 -147.8872668 248.73128960 81.290001841 3.3144162746 247.90000079
 3331.0000000 287096.40595 7395969.9193 -3081.367828 3103.3678279 -416.2140483 -152.8207406 247.84129018 82.199994774 2.9225256903 247.01000138
 3346.0000000 287082.69195 7395964.1952 -3083.424333 3105.4243329 -429.9280482 -158.5448107 248.51128837 82.039997593 1.3653699148 247.67999957
 3365.0000000 287065.19242 7395957.3105 -3086.154156 3108.1541563 -447.4275794 -165.4294840 250.20129086 81.439999625 2.8055212426 249.37000206
 3380.0000000 287051.29923 7395951.9953 -3088.095070 3110.0950699 -461.3207722 -170.7447360 249.59129023 83.690000542 4.6597530794 248.76000143
 3393.0000000 287039.22968 7395947.3465 -3089.423464 3111.4234639 -473.3903233 -175.3934972 249.94129635 84.580001511 2.2054154636 249.11000754
 3412.0000000 287021.50730 7395940.6781 -3091.019935 3113.0199346 -491.1127047 -182.0618970 250.48128965 85.779997447 2.0764889551 249.65000084
 3434.0000000 287001.13202 7395932.5306 -3092.606618 3114.6066184 -511.4879797 -190.2094497 247.59129018 85.949994025 3.9374759972 246.76000137
 3453.0000000 286983.75020 7395924.9854 -3094.039484 3116.0394839 -528.8697952 -197.7546467 247.14129322 85.399999872 1.1207608231 246.31000441
 3476.0000000 286962.98537 7395915.3564 -3096.306058 3118.3060579 -549.6346345 -207.3836259 244.76128827 83.289997343 4.1372452079 243.92999946
 3489.0000000 286951.41138 7395909.6462 -3097.883604 3119.8836043 -561.2086217 -213.0937846 244.38129863 82.769994551 1.4824434976 243.55000983
 3507.0000000 286935.64137 7395901.3040 -3100.280257 3122.2802570 -576.9786279 -221.4360500 241.52129794 81.929997396 4.9272667076 240.69000914
 3521.0000000 286923.62689 7395894.4276 -3102.382220 3124.3822202 -588.9931092 -228.3124498 240.57130097 80.800004070 3.1486179830 239.74001216
 3533.0000000 286913.37728 7395888.4860 -3104.302866 3126.3028665 -599.2427154 -234.2539544 240.89129304 80.779998446 0.7912493406 240.06000424
 3547.0000000 286901.37935 7395881.6314 -3106.566534 3128.5665337 -611.2406452 -241.1085894 241.29130221 80.610001868 0.9209870777 240.46001341
 3559.0000000 286891.10866 7395875.7350 -3108.513032 3130.5130322 -621.5113431 -247.0049915 240.65130280 80.720002064 1.6025801195 239.82001400
 3571.0000000 286880.88374 7395869.7252 -3110.349889 3132.3498887 -631.7362630 -253.0148144 240.12128875 81.669999415 2.7120344621 239.28999994
 3589.0000000 286865.35487 7395860.9276 -3112.693368 3134.6933678 -647.2651258 -261.8123562 242.47129492 83.369999349 4.8069704691 241.64000611
 3605.0000000 286851.38628 7395853.3196 -3114.446339 3136.4463391 -661.2337158 -269.4204405 242.04130223 84.049999322 1.5059320864 241.21001343
 3617.0000000 286841.00125 7395847.4260 -3115.651795 3137.6517945 -671.6187462 -275.3140453 240.47129486 84.419997500 4.0132130540 239.64000606
 3633.0000000 286827.34770 7395839.2187 -3117.165931 3139.1659307 -685.2723013 -283.5212509 239.17129177 84.719999899 2.4909085856 238.34000297
 3648.0000000 286814.69297 7395831.2789 -3118.538483 3140.5384828 -697.9270290 -291.4611179 238.28129236 84.779996280 1.7765882221 237.45000356
 3662.0000000 286802.90800 7395823.8100 -3119.717273 3141.7172729 -709.7120021 -298.9299872 238.65130275 85.559997053 1.8487482159 237.82001394
 3680.0000000 286787.82360 7395814.0719 -3121.027783 3143.0277830 -724.7963968 -308.6681054 237.32130088 86.089992412 2.3807160259 236.49001207
 3697.0000000 286773.86278 7395804.4227 -3122.046480 3144.0464805 -738.7572195 -318.3172575 235.04130204 87.040003424 4.3521136470 234.21001323
 3712.0000000 286761.59415 7395795.8067 -3122.581750 3144.5817504 -751.0258526 -326.9332986 236.46130024 88.870002348 4.6314366506 235.63001144
 3727.0000000 286749.23515 7395787.3078 -3122.891961 3144.8919606 -763.3848477 -335.4321939 236.17129169 88.760002151 0.6202225645 235.34000289
 3733.0000000 286744.28120 7395783.9234 -3123.014999 3145.0149987 -768.3388032 -338.8166351 236.81129110 88.890001142 3.2646843798 235.98000229
 3746.0000000 286733.51332 7395776.6412 -3123.291787 3145.2917867 -779.1066835 -346.0988444 236.71130025 88.670000749 0.5576494312 235.88001145
 3763.0000000 286719.47630 7395767.0531 -3123.643360 3145.6433599 -793.1437035 -355.6868597 236.28129230 88.959996920 0.9151410384 235.45000350
 3776.0000000 286708.76701 7395759.6818 -3123.810121 3145.8101209 -803.8529902 -363.0581899 236.30129658 89.570001115 1.4084585915 235.47000777
 3789.0000000 286698.06167 7395752.3036 -3123.919028 3145.9190281 -814.5583262 -370.4364423 236.21130024 89.470000315 0.3104590765 235.38001143
 3804.0000000 286685.75904 7395743.7227 -3124.199135 3146.1991355 -826.8609641 -379.0173028 235.66129717 88.389997144 2.4238776976 234.83000837
 3819.0000000 286673.54454 7395735.0198 -3124.566930 3146.5669297 -839.0754608 -387.7202167 235.06129105 88.799999739 1.4531228372 234.23000225
 3833.0000000 286662.17498 7395726.8484 -3124.690319 3146.6903194 -850.4450232 -395.8916127 235.19129594 90.190004707 2.9915797181 234.36000713
 3853.0000000 286645.61989 7395715.6249 -3124.674607 3146.6746067 -867.0001149 -407.1150551 238.20129053 89.900001705 4.5358929160 237.37000172
 3873.0000000 286628.71229 7395704.9364 -3124.779327 3146.7793269 -883.9077132 -417.8036474 238.86129421 89.499998506 1.1576207656 238.03000540
 3886.0000000 286617.68751 7395698.0446 -3124.892772 3146.8927722 -894.9324912 -424.6954019 238.78129237 89.499998506 0.1846125855 237.95000357
 3904.0000000 286602.41559 7395688.5146 -3125.117391 3147.1173906 -910.2044102 -434.2254377 238.95129055 89.069997117 0.7706345473 238.12000174
 3919.0000000 286589.70334 7395680.5510 -3125.345148 3147.3451480 -922.9166643 -442.1890430 238.58129542 89.190003541 0.7778594342 237.75000662
 3933.0000000 286577.82094 7395673.1461 -3125.543063 3147.5430629 -934.7990594 -449.5938544 239.22129483 89.190003541 1.3712902574 238.39000602
 3948.0000000 286565.08613 7395665.2163 -3125.636001 3147.6360009 -947.5338660 -457.5237032 238.62128871 90.099996474 2.1799753157 237.78999990
 3962.0000000 286553.19044 7395657.8305 -3125.574914 3147.5749144 -959.4295608 -464.9094518 239.37128873 90.399998873 1.7309318723 238.53999992
 3976.0000000 286541.33916 7395650.3746 -3125.478394 3147.4783936 -971.2808416 -472.3654217 237.94129601 90.389999476 3.0642721958 237.11000721
 3990.0000000 286529.59147 7395642.7557 -3125.386764 3147.3867644 -983.0285258 -479.9842973 237.79130211 90.360001285 0.3277737810 236.96001331
 4004.0000000 286517.89390 7395635.0601 -3125.306129 3147.3061291 -994.7260997 -487.6799026 237.19129599 90.300004903 1.2921178650 236.36000719
 4019.0000000 286505.39670 7395626.7601 -3125.255078 3147.2550781 -1007.223303 -495.9799244 237.29130210 90.089997077 0.4652069707 236.46001329
 4032.0000000 286494.66051 7395619.4267 -3125.246003 3147.2460025 -1017.959488 -503.3133066 235.70129046 89.989996277 3.6765060706 234.87000165
 4048.0000000 286481.57684 7395610.2125 -3125.248796 3147.2487961 -1031.043156 -512.5274882 235.65130266 89.989996277 0.0937271130 234.82001386
 4062.0000000 286470.14344 7395602.1291 -3125.265900 3147.2659004 -1042.476559 -520.6108539 235.49129900 89.870003514 0.4285681553 234.66001019
 4078.0000000 286457.07751 7395592.8899 -3125.293825 3147.2938252 -1055.542490 -529.8501231 235.64129290 89.929999896 0.3029019728 234.81000409
 4091.0000000 286446.41258 7395585.4526 -3125.316514 3147.3165142 -1066.207419 -537.2873561 236.24129902 89.870003514 1.3915323012 235.41001021
 4106.0000000 286434.03470 7395576.9757 -3125.362329 3147.3623294 -1078.585301 -545.7643048 236.61129414 89.779995281 0.7615683058 235.78000534
 4121.0000000 286421.60092 7395568.5811 -3125.423853 3147.4238533 -1091.019083 -554.1589437 237.00129355 89.749997090 0.7822962651 236.17000474
 4135.0000000 286409.99598 7395560.7460 -3125.442180 3147.4421801 -1102.624017 -561.9939882 236.61129414 90.099996474 1.1229028766 235.78000534
 4147.0000000 286400.08051 7395553.9846 -3125.539567 3147.5395669 -1112.539490 -568.7553702 236.47129475 88.970003147 2.8465799894 235.64000595
 4166.0000000 286384.38922 7395543.2707 -3125.874478 3147.8744776 -1128.230782 -579.4693452 236.54130208 89.010000735 0.1272920474 235.71001327
 4186.0000000 286367.51841 7395532.5310 -3126.019384 3148.0193844 -1145.101585 -590.2089687 240.16129730 90.159999686 5.6971838928 239.33000849
 4205.0000000 286351.34249 7395522.5600 -3125.989537 3147.9895373 -1161.277509 -600.1800015 238.20129053 90.019994468 3.1026282051 237.37000172
 4220.0000000 286338.71001 7395514.4672 -3125.996083 3147.9960830 -1173.909986 -608.2728499 238.17129175 89.929999896 0.1897255864 237.34000294
 4232.0000000 286328.63812 7395507.9401 -3126.010744 3148.0107440 -1183.981884 -614.7999241 237.60129967 89.929999896 1.4249791397 236.77001086
 4245.0000000 286317.73305 7395500.8596 -3126.026627 3148.0266266 -1194.886947 -621.8804495 238.07130090 89.929999896 1.0846174223 237.24001209
 4261.0000000 286304.37984 7395492.0413 -3126.067121 3148.0671207 -1208.240165 -630.6987143 236.71130025 89.779995281 2.5654565411 235.88001145
 4276.0000000 286291.96078 7395483.6250 -3126.149589 3148.1495886 -1220.659217 -639.1150085 236.70129049 89.589993079 0.3805313610 235.87000168
 4290.0000000 286280.36410 7395475.7778 -3126.196015 3148.1960149 -1232.255902 -646.9621820 236.79130208 90.030000695 0.9623997311 235.96001328
 4305.0000000 286267.93167 7395467.3809 -3126.168526 3148.1685261 -1244.688330 -655.3590735 236.80129659 90.179998480 0.3006607729 235.97000779
 4319.0000000 286256.31646 7395459.5611 -3126.144092 3148.1440924 -1256.303541 -663.1789489 236.96130026 90.019994468 0.4848844074 236.13001145
 4334.0000000 286243.86281 7395451.1956 -3126.158492 3148.1584916 -1268.757194 -671.5443634 236.92129171 89.870003514 0.3104704025 236.09000291
 4348.0000000 286232.24621 7395443.3778 -3126.170708 3148.1707084 -1280.373786 -679.3622257 236.86129415 90.030000695 0.3661640661 236.03000535
 4357.0000000 286224.78279 7395438.3455 -3126.169138 3148.1691378 -1287.837213 -684.3945127 236.82130086 89.989996277 0.1885563979 235.99001206
 4377.0000000 286208.17695 7395427.1931 -3126.188337 3148.1883368 -1304.443050 -695.5469456 237.07130087 89.900001705 0.3985569611 236.24001207
 4395.0000000 286193.16550 7395417.2552 -3126.210328 3148.2103281 -1319.454503 -705.4847696 237.58129539 89.959998087 0.8558516962 236.75000659
 4406.0000000 286183.98546 7395411.1917 -3126.218008 3148.2180080 -1328.634541 -711.5482871 237.19129599 89.959998087 1.0636344694 236.36000719
 4419.0000000 286173.18598 7395403.9511 -3126.223681 3148.2236810 -1339.434018 -718.7888864 236.79130208 89.989996277 0.9256550059 235.96001328
 4434.0000000 286160.76453 7395395.5379 -3126.217137 3148.2171366 -1351.855468 -727.2020667 236.65130269 90.059998886 0.3130507260 235.82001389
 4451.0000000 286146.67526 7395386.0202 -3126.214170 3148.2141700 -1365.944739 -736.7197926 236.93130148 89.959998087 0.5246831721 236.10001267
 4464.0000000 286135.85561 7395378.8098 -3126.223246 3148.2232462 -1376.764388 -743.9302054 237.37128867 89.959998087 1.0153548176 236.53999987
 4479.0000000 286123.37578 7395370.4836 -3126.241572 3148.2415723 -1389.244224 -752.2564399 236.87128866 89.900001705 1.0071726440 236.03999985
 4494.0000000 286110.91924 7395362.1225 -3126.279534 3148.2795338 -1401.700765 -760.6174946 237.05129660 89.809993472 0.4025127382 236.22000779
 4503.0000000 286103.47352 7395357.0643 -3126.309380 3148.3093804 -1409.146478 -765.6757395 236.23128925 89.809993472 2.7333427932 235.40000045
 4521.0000000 286088.56101 7395346.9790 -3126.364361 3148.3643610 -1424.058987 -775.7609695 237.29130210 89.839998493 1.7673874537 236.46001329
 4532.0000000 286079.41717 7395340.8612 -3126.400839 3148.4008392 -1433.202827 -781.8788222 236.80129659 89.779995281 1.3463535318 235.97000779
 4549.0000000 286065.18978 7395331.5527 -3126.494309 3148.4943094 -1447.430221 -791.1872793 238.47129481 89.589993079 2.9660228252 237.64000600
 4571.0000000 286046.48585 7395319.9647 -3126.651745 3148.6517448 -1466.134154 -802.7752776 239.63129850 89.589993079 1.5817827175 238.80000970
