# WELL TRACE FROM PETREL 
# WELL NAME:              7-PPT-17H-RJS
# DEFINITIVE SURVEY:      Explicit survey 1
# WELL HEAD X-COORDINATE: 289526.46400000 (m)
# WELL HEAD Y-COORDINATE: 7397826.87100000 (m)
# WELL DATUM (KB, Kelly bushing, from MSL): 21.00000000 (m)
# WELL TYPE:              OIL
# MD AND TVD ARE REFERENCED (=0) AT WELL DATUM AND INCREASE DOWNWARDS
# ANGLES ARE GIVEN IN DEGREES
# XYZ TRACE IS GIVEN IN COORDINATE SYSTEM BRAZIL SIRGAS 2000 (WGS84) UTM24S CM 39W (Brazil SIRGAS 2000 (WGS84) UTM24S Lon range 42W - 36W) [Chevron,720787]
# AZIM_TN: azimuth in True North 
# AZIM_GN: azimuth in Grid North 
# DX DY ARE GIVEN IN GRID NORTH IN m-UNITS
# DEPTH (Z, tvd_z) GIVEN IN m-UNITS
#===============================================================================================================================================
      MD            X            Y            Z           TVD           DX          DY        AZIM_TN        INCL         DLS        AZIM_GN
#===============================================================================================================================================
 0.0000000000 289526.46400 7397826.8710 21.000000000 0.0000000000 0.0000000054 0.0000000028 0.8228137080 0.0000000000 0.0000000000 0.0000000000
 1202.0000000 289526.46400 7397826.8710 -1181.000000 1202.0000000 0.0000000054 0.0000000028 0.8228137080 0.0000000000 0.0000000000 0.0000000000
 1255.0000000 289526.55797 7397826.9384 -1233.999832 1254.9998318 0.0939721829 0.0674015889 55.172813708 0.2500000000 0.1415094340 54.350000000
 1267.0000000 289526.60563 7397826.9726 -1245.999688 1266.9996880 0.1416319176 0.1015855568 55.172813708 0.3100000000 0.1500000000 54.350000000
 1277.0000000 289526.64599 7397827.0082 -1255.999543 1276.9995426 0.1819906686 0.1372166881 43.592813708 0.3100000000 0.1876408344 42.770000000
 1305.0000000 289526.74547 7397827.1016 -1283.999208 1304.9992084 0.2814666927 0.2305863230 52.652813708 0.2500000000 0.0797028202 51.830000000
 1319.0000000 289526.79885 7397827.1326 -1297.999071 1318.9990714 0.3348487557 0.2615865013 68.392813708 0.2600000000 0.1511379915 67.570000000
 1334.0000000 289526.83862 7397827.1417 -1312.999007 1333.9990068 0.3746242333 0.2707142131 115.73281371 0.0700000000 0.4374181134 114.91000000
 1363.0000000 289526.87169 7397827.1293 -1341.998985 1362.9989853 0.4076939824 0.2582610501 107.18281371 0.0700000000 0.0107959692 106.36000000
 1393.0000000 289526.89654 7397827.1211 -1371.998973 1392.9989732 0.4325366745 0.2500898251 113.34281371 0.0300000000 0.0403019887 112.52000000
 1422.0000000 289526.91843 7397827.1278 -1400.998963 1421.9989629 0.4544287642 0.2568027498 57.932813708 0.0700000000 0.0604589409 57.110000000
 1451.0000000 289526.93176 7397827.1300 -1429.998957 1450.9989566 0.4677550742 0.2589908494 192.61281371 0.0300000000 0.0967847787 191.79000000
 1479.0000000 289526.92806 7397827.1158 -1457.998953 1478.9989527 0.4640597812 0.2448196141 198.26281371 0.0300000000 0.0031683583 197.44000000
 1510.0000000 289526.91963 7397827.1345 -1488.998940 1509.9989397 0.4556281164 0.2634589253 348.01281371 0.1000000000 0.1227278892 347.19000000
 1538.0000000 289526.90592 7397827.1635 -1516.998919 1537.9989192 0.4419161865 0.2924631964 302.78281371 0.0400000000 0.0827563169 301.96000000
 1568.0000000 289526.88229 7397827.1906 -1546.998896 1567.9988959 0.4182901274 0.3196477881 326.56281371 0.1000000000 0.0654155633 325.74000000
 1596.0000000 289526.88291 7397827.2336 -1574.998858 1595.9988583 0.4189090274 0.3625605768 33.152813708 0.1100000000 0.1238379199 32.330000000
 1625.0000000 289526.87492 7397827.2679 -1603.998828 1624.9988277 0.4109231606 0.3969194787 296.16281371 0.1000000000 0.1628359404 295.34000000
 1655.0000000 289526.83113 7397827.3129 -1633.998759 1654.9987593 0.3671301957 0.4418515246 329.99281371 0.1500000000 0.0870586040 329.17000000
 1683.0000000 289526.80382 7397827.3214 -1661.998726 1682.9987264 0.3398211137 0.4504248351 201.23281371 0.1000000000 0.2426301358 200.41000000
 1712.0000000 289526.80259 7397827.2976 -1690.998712 1711.9987119 0.3385873141 0.4266405469 91.292813708 0.0300000000 0.1177049315 90.470000000
 1742.0000000 289526.80739 7397827.3156 -1720.998704 1741.9987036 0.3433886967 0.4446486253 351.23281371 0.0700000000 0.0808310146 350.41000000
 1766.0000000 289526.80913 7397827.3420 -1744.998689 1765.9986888 0.3451267832 0.4709590757 20.252813708 0.0600000000 0.0424745516 19.430000000
 1782.0000000 289526.81799 7397827.3842 -1760.998623 1781.9986230 0.3539883843 0.5132398522 10.842813708 0.2500000000 0.3582363546 10.020000000
 1822.0000000 289526.79938 7397827.5005 -1800.998427 1821.9984270 0.3353829019 0.6294856826 312.70281371 0.1300000000 0.1592579824 311.88000000
 1861.0000000 289526.77817 7397827.5583 -1839.998370 1860.9983698 0.3141697626 0.6873251619 23.342813708 0.0900000000 0.1010091911 22.520000000
 1900.0000000 289526.78793 7397827.6172 -1878.998323 1899.9983233 0.3239262100 0.7461953145 357.12281371 0.0900000000 0.0314060132 356.30000000
 1939.0000000 289526.75533 7397827.6467 -1917.998291 1938.9982908 0.2913342134 0.7756599449 268.75281371 0.0900000000 0.0965045416 267.93000000
 1978.0000000 289526.73985 7397827.6318 -1956.998275 1977.9982753 0.2758512807 0.7608372411 133.01281371 0.0600000000 0.1072373470 132.19000000
 2017.0000000 289526.53009 7397827.7834 -1995.997034 2016.9970337 0.0660945522 0.9124392094 307.14281371 0.8200000000 0.6766975312 306.32000000
 2057.0000000 289526.40347 7397827.6454 -2035.995181 2056.9951805 -0.060527327 0.7744394513 162.13281371 0.9300000000 1.2520292404 161.31000000
 2083.0000000 289526.62441 7397827.1090 -2061.988541 2082.9885413 0.1604115933 0.2379622897 156.33281371 1.6300000000 0.8203824117 155.51000000
 2095.0000000 289526.81453 7397826.6951 -2073.979715 2094.9797153 0.3505346576 -0.175940571 156.04281371 2.7200000000 2.7251301919 155.22000000
 2116.0000000 289527.31673 7397825.5177 -2094.940033 2115.9400329 0.8527305115 -1.353299245 158.79281371 4.2700000000 2.2265646111 157.97000000
 2133.0000000 289527.83941 7397824.1692 -2111.878096 2132.8780957 1.3754077535 -2.701786121 160.29281371 5.4900000000 2.1645022144 159.47000000
 2155.0000000 289528.73906 7397821.8591 -2133.736923 2154.7369233 2.2750643158 -5.011900411 158.99281371 7.4500000000 2.6800112446 158.17000000
 2174.0000000 289529.86574 7397819.2389 -2152.520284 2173.5202839 3.4017422150 -7.632128007 156.46281371 9.8200000000 3.7889697578 155.64000000
 2196.0000000 289531.63301 7397815.3729 -2174.103854 2195.1038536 5.1690112904 -11.49812199 156.09281371 12.460000000 3.6013012755 155.27000000
 2213.0000000 289533.31410 7397811.7553 -2190.628251 2211.6282507 6.8501020061 -15.11567834 155.73281371 14.680000000 3.9204631964 154.91000000
 2233.0000000 289535.62545 7397806.7502 -2209.851796 2230.8517955 9.1614535495 -20.12076775 156.29281371 17.320000000 3.9667181195 155.47000000
 2252.0000000 289538.06365 7397801.3410 -2227.901092 2248.9010923 11.599645263 -25.53003508 156.80281371 19.070000000 2.7745493999 155.98000000
 2271.0000000 289540.69684 7397795.4623 -2245.775640 2266.7756399 14.232843335 -31.40869427 156.59281371 20.560000000 2.3553114308 155.77000000
 2291.0000000 289543.72563 7397788.8115 -2264.392232 2285.3922325 17.261628835 -38.05952818 156.10281371 22.300000000 2.6237571014 155.28000000
 2309.0000000 289546.68691 7397782.4424 -2280.965252 2301.9652522 20.222906242 -44.42864101 155.68281371 23.630000000 2.2334155519 154.86000000
 2329.0000000 289550.19516 7397774.9961 -2299.192905 2320.1929046 23.731161779 -51.87488056 155.51281371 24.970000000 2.0127353783 154.69000000
 2348.0000000 289553.70479 7397767.5420 -2316.313633 2337.3136330 27.240790582 -59.32899370 155.70281371 26.420000000 2.2931629715 154.88000000
 2369.0000000 289557.75298 7397758.8676 -2335.005142 2356.0051424 31.288975167 -68.00337608 155.90281371 27.810000000 1.9899770608 155.08000000
 2408.0000000 289565.40693 7397742.4608 -2369.549685 2390.5496855 38.942934835 -84.41019925 155.72281371 27.500000000 0.2469695485 154.90000000
 2447.0000000 289573.08650 7397726.1960 -2404.155692 2425.1556917 46.622499621 -100.6749609 155.37281371 27.420000000 0.1385647216 154.55000000
 2468.0000000 289577.21583 7397717.4425 -2422.793078 2443.7930783 50.751829369 -109.4284523 155.76281371 27.460000000 0.2630240935 154.94000000
 2486.0000000 289580.68736 7397709.8789 -2438.754245 2459.7542453 54.223362423 -116.9920903 156.57281371 27.610000000 0.6722968446 155.75000000
 2524.0000000 289587.99222 7397693.6742 -2472.341864 2493.3418645 61.528215815 -133.1968024 156.54281371 28.160000000 0.4343517832 155.72000000
 2563.0000000 289595.43520 7397676.8547 -2506.733714 2527.7337140 68.971198961 -150.0163206 157.36281371 28.110000000 0.2999139752 156.54000000
 2603.0000000 289602.58091 7397659.3499 -2541.983784 2562.9837841 76.116907069 -167.5211215 159.86281371 28.310000000 0.8988654815 159.04000000
 2636.7600000 289608.08438 7397644.3362 -2571.717540 2592.7175399 81.620379899 -182.5347872 161.52281371 28.230000000 0.7022441140 160.70000000
 2642.0000000 289608.89827 7397641.9951 -2576.334491 2597.3344909 82.434266181 -184.8758864 161.78281371 28.220000000 0.7063112987 160.96000000
 2657.0000000 289611.20660 7397635.2702 -2589.542892 2610.5428916 84.742599427 -191.6007976 161.97281371 28.360000000 0.3329174768 161.15000000
 2668.0000000 289612.89213 7397630.3076 -2599.214454 2620.2144544 86.428134728 -196.5634365 162.15281371 28.540000000 0.5437683645 161.33000000
 2680.0000000 289614.67871 7397624.8157 -2609.733740 2630.7337399 88.214711769 -202.0552864 163.44281371 28.990000000 1.9167406338 162.62000000
 2693.0000000 289616.47146 7397618.7567 -2621.095199 2642.0951986 90.007463892 -208.1142985 165.23281371 29.170000000 2.0501303096 164.41000000
 2706.0000000 289618.13480 7397612.6060 -2632.427139 2653.4271386 91.670801214 -214.2649881 166.14281371 29.520000000 1.3082228156 165.32000000
 2719.0000000 289619.74894 7397606.3503 -2643.708622 2664.7086224 93.284936916 -220.5206618 166.56281371 30.070000000 1.3575253837 165.74000000
 2735.0000000 289621.72098 7397598.5424 -2657.534900 2678.5348995 95.256975129 -228.3285784 166.73281371 30.360000000 0.5669169140 165.91000000
 2747.0000000 289623.15529 7397592.5911 -2667.856361 2688.8563609 96.691285068 -234.2799390 167.80281371 30.980000000 2.0649796710 166.98000000
 2758.0000000 289624.38500 7397586.9996 -2677.249446 2698.2494457 97.920997335 -239.8713942 169.02281371 31.740000000 2.7007424714 168.20000000
 2772.0000000 289625.81932 7397579.6759 -2689.094887 2710.0948871 99.355315395 -247.1951461 170.44281371 32.680000000 2.5859923105 169.62000000
 2788.0000000 289627.26988 7397571.0235 -2702.475540 2723.4755400 100.80588213 -255.8474567 172.14281371 33.820000000 2.7608598690 171.32000000
 2797.0000000 289627.95426 7397566.0196 -2709.925148 2730.9251483 101.49026253 -260.8514149 173.91281371 34.450000000 3.9204161350 173.09000000
 2812.0000000 289628.80543 7397557.4693 -2722.220376 2743.2203760 102.34143176 -269.4017284 176.33281371 35.450000000 3.4183945482 175.51000000
 2829.0000000 289629.37028 7397547.4838 -2735.967179 2756.9671794 102.90628092 -279.3872171 178.80281371 36.630000000 3.3031359693 177.98000000
 2836.0000000 289629.47195 7397543.2822 -2741.565400 2762.5654001 103.00795415 -283.5888487 180.06281371 37.160000000 3.9583467564 179.24000000
 2851.0000000 289629.41492 7397534.1229 -2753.444565 2774.4445648 102.95091648 -292.7480654 182.27281371 38.110000000 3.3004423102 181.45000000
 2864.0000000 289629.06478 7397526.0235 -2763.607461 2784.6074608 102.60077670 -300.8475446 184.30281371 39.050000000 3.6384411646 183.48000000
 2876.0000000 289628.48878 7397518.4199 -2772.873809 2793.8738092 102.02478380 -308.4510650 185.99281371 39.850000000 3.3475433353 185.17000000
 2892.0000000 289627.37268 7397508.0695 -2785.024121 2806.0241208 100.90867727 -318.8014972 187.93281371 41.330000000 3.6469225823 187.11000000
 2911.0000000 289625.52366 7397495.4619 -2799.117718 2820.1177179 99.059662332 -331.4091177 190.36281371 42.910000000 3.5837347328 189.54000000
 2915.0000000 289625.05472 7397492.7697 -2802.039094 2823.0390939 98.590724930 -334.1012755 191.04281371 43.260000000 4.3619600480 190.22000000
 2931.0000000 289622.91091 7397481.8645 -2813.549631 2834.5496315 96.446911042 -345.0064970 192.82281371 44.730000000 3.6013271740 192.00000000
 2947.0000000 289620.39673 7397470.7692 -2824.801107 2845.8011070 93.932733826 -356.1017530 194.34281371 45.900000000 2.9862624543 193.52000000
 2953.0000000 289619.37520 7397466.5835 -2828.977344 2849.9773440 92.911196712 -360.2875483 194.73281371 45.880000000 1.4036746864 193.91000000
 2970.0000000 289616.31419 7397454.7767 -2840.820880 2861.8208802 89.850192774 -372.0942675 195.98281371 45.800000000 1.5887628372 195.16000000
 2981.0000000 289614.19788 7397447.1664 -2848.477354 2869.4773543 87.733875904 -379.7045833 196.74281371 45.980000000 1.5670967368 195.92000000
 2993.0000000 289611.74610 7397438.8111 -2856.735292 2877.7352917 85.282098064 -388.0599351 197.60281371 47.050000000 3.0965725800 196.78000000
 3011.0000000 289607.72578 7397425.9953 -2868.718192 2889.7181915 81.261776198 -400.8757366 198.85281371 49.470000000 4.3223924122 198.03000000
 3031.0000000 289602.80123 7397411.3232 -2881.386399 2902.3863986 76.337234166 -415.5477627 199.88281371 51.920000000 3.8644752145 199.06000000
 3048.0000000 289598.22807 7397398.5532 -2891.634759 2912.6347587 71.764067366 -428.3178105 201.15281371 53.930000000 3.9721591175 200.33000000
 3059.0000000 289595.07406 7397390.1872 -2898.044339 2919.0443392 68.610058177 -436.6838043 201.80281371 54.790000000 2.7525667995 200.98000000
 3070.0000000 289591.78905 7397381.7860 -2904.341126 2925.3411262 65.325053640 -445.0850498 202.55281371 55.370000000 2.3054265683 201.73000000
 3086.0000000 289586.80574 7397369.5056 -2913.307825 2934.3078247 60.341736647 -457.3653796 203.26281371 56.460000000 2.3221628164 202.44000000
 3100.0000000 289582.24206 7397358.7004 -2920.953290 2941.9532898 55.778057023 -468.1706270 204.17281371 57.340000000 2.4948492533 203.35000000
 3110.0000000 289578.84695 7397350.9701 -2926.313802 2947.3138019 52.382948333 -475.9009275 204.89281371 57.830000000 2.3421774573 204.07000000
 3121.0000000 289574.99420 7397342.4573 -2932.120108 2953.1201076 48.530203437 -484.4136801 205.45281371 58.450000000 2.1311489571 204.63000000
 3143.0000000 289566.89516 7397325.3251 -2943.297317 2964.2973166 40.431161554 -501.5459402 206.78281371 60.480000000 3.1784426254 205.96000000
 3150.0000000 289564.19308 7397319.8399 -2946.706461 2967.7064613 37.729078769 -507.0310572 207.31281371 61.230000000 3.7771881480 206.49000000
 3163.0000000 289558.99084 7397309.6224 -2952.835608 2973.8356081 32.526837404 -517.2486238 208.29281371 62.510000000 3.5640612817 207.47000000
 3173.0000000 289554.82559 7397301.7312 -2957.352123 2978.3521231 28.361586330 -525.1397590 209.00281371 63.790000000 4.2844751354 208.18000000
 3187.0000000 289548.75891 7397290.6149 -2963.322794 2984.3227942 22.294910449 -536.2560544 209.88281371 65.720000000 4.4735649543 209.06000000
 3201.0000000 289542.41827 7397279.4480 -2968.901872 2989.9018721 15.954272798 -547.4230384 210.93281371 67.310000000 3.9833030070 210.11000000
 3215.0000000 289535.82892 7397268.2578 -2974.136090 2995.1360903 9.3649190339 -558.6132029 211.69281371 68.780000000 3.4933952122 210.87000000
 3226.0000000 289530.50312 7397259.4503 -2978.020693 2999.0206930 4.0391156012 -567.4207211 212.27281371 69.860000000 3.2963167435 211.45000000
 3243.0000000 289522.08319 7397245.8070 -2983.679912 3004.6799125 -4.380814370 -581.0639662 212.73281371 71.250000000 2.5695941246 211.91000000
 3256.0000000 289515.53829 7397235.3432 -2987.768245 3008.7682447 -10.92571069 -591.5277848 212.96281371 72.090000000 2.0028680166 212.14000000
 3267.0000000 289509.93913 7397226.4657 -2991.064987 3012.0649867 -16.52486716 -600.4053162 213.16281371 73.030000000 2.6159165899 212.34000000
 3285.0000000 289500.64330 7397211.8716 -2996.030770 3017.0307701 -25.82070400 -614.9993525 213.47281371 74.940000000 3.2218331144 212.65000000
 3292.0000000 289496.98248 7397206.1726 -2997.800561 3018.8005605 -29.48151521 -620.6983829 213.60281371 75.770000000 3.5977528017 212.78000000
 3305.0000000 289490.07887 7397195.5808 -3000.831984 3021.8319843 -36.38512680 -631.2902005 214.23281371 77.260000000 3.7177434369 213.41000000
 3317.0000000 289483.56112 7397185.8173 -3003.326879 3024.3268792 -42.90288313 -641.0536828 214.86281371 78.740000000 4.0078976359 214.04000000
 3330.0000000 289476.34543 7397175.2733 -3005.734958 3026.7349576 -50.11856596 -651.5976563 215.55281371 79.910000000 3.1206329134 214.73000000
 3345.0000000 289467.83840 7397163.1648 -3008.197741 3029.1977406 -58.62560203 -663.7062234 216.27281371 81.190000000 2.9276628377 215.45000000
 3360.0000000 289459.15184 7397151.1273 -3010.365675 3031.3656754 -67.31215876 -675.7436700 217.00281371 82.190000000 2.4671880534 216.18000000
 3373.0000000 289451.46931 7397140.7697 -3012.020895 3033.0208949 -74.99469270 -686.1013386 217.77281371 83.180000000 2.8854209761 216.95000000
 3383.0000000 289445.46053 7397132.8534 -3013.140786 3034.1407858 -81.00347025 -694.0176147 218.27281371 83.960000000 2.7744090575 217.45000000
 3401.0000000 289434.45757 7397118.7094 -3014.861324 3035.8613237 -92.00643491 -708.1616308 219.13281371 85.070000000 2.3362594436 218.31000000
 3423.0000000 289420.73723 7397101.6110 -3016.740532 3037.7405318 -105.7267677 -725.2599863 220.00281371 85.130000000 1.1848559728 219.18000000
 3462.0000000 289395.88192 7397071.7361 -3020.071905 3041.0719046 -130.5820753 -755.1348996 221.16281371 85.070000000 0.8902436261 220.34000000
 3475.0000000 289387.43903 7397061.9064 -3021.140506 3042.1405057 -139.0249700 -764.9645870 221.80281371 85.500000000 1.7751696543 220.98000000
 3485.0000000 289380.84822 7397054.4240 -3021.916409 3042.9164087 -145.6157842 -772.4470306 222.59281371 85.600000000 2.3818236521 221.77000000
 3488.0000000 289378.84855 7397052.1988 -3022.145783 3043.1457834 -147.6154492 -774.6721930 222.94281371 85.630000000 3.5026258913 222.12000000
 3500.0000000 289370.73729 7397043.3979 -3023.034067 3044.0340669 -155.7267145 -783.4731124 224.03281371 85.880000000 2.7884674205 223.21000000
 3518.0000000 289358.23898 7397030.5051 -3024.313291 3045.3132914 -168.2250152 -796.3659382 225.83281371 85.970000000 2.9961718670 225.01000000
 3530.0000000 289349.69450 7397022.1201 -3025.162928 3046.1629285 -176.7695009 -804.7509388 226.89281371 85.910000000 2.6476019362 226.07000000
 3536.0000000 289345.35618 7397017.9959 -3025.587741 3046.5877412 -181.1078222 -808.8750859 227.65281371 85.970000000 3.8023167776 226.83000000
 3580.0000000 289312.41888 7396989.0821 -3029.435272 3050.4352719 -214.0451185 -837.7889148 231.44281371 84.000000000 2.9034375250 230.62000000
 3595.0000000 289301.01706 7396979.4862 -3031.156784 3052.1567838 -225.4469354 -847.3848359 230.03281371 82.820000000 3.6629178845 229.21000000
 3610.0000000 289289.69590 7396969.8441 -3033.136748 3054.1367477 -236.7680984 -857.0269224 230.77281371 82.010000000 2.1855429525 229.95000000
 3625.0000000 289278.22570 7396960.3754 -3035.094668 3056.0946675 -248.2382991 -866.4955764 231.79281371 82.990000000 2.8164146894 230.97000000
 3642.0000000 289265.08706 7396949.7927 -3037.207674 3058.2076744 -261.3769378 -877.0783216 232.15281371 82.730000000 0.7796676830 231.33000000
 3658.0000000 289252.64520 7396939.9084 -3039.096577 3060.0965769 -273.8188012 -886.9626429 232.56281371 83.710000000 1.9897565706 231.74000000
 3672.0000000 289241.65376 7396931.3349 -3040.409185 3061.4091851 -284.8102366 -895.5361410 233.17281371 85.530000000 4.1113812112 232.35000000
 3695.0000000 289223.15339 7396917.7332 -3041.719267 3062.7192671 -303.3106078 -909.1377896 235.82281371 87.940000000 4.6678113715 235.00000000
 3705.0000000 289214.95130 7396912.0251 -3042.133663 3063.1336632 -311.5126986 -914.8458908 236.15281371 87.310000000 2.1331917427 235.33000000
 3716.0000000 289205.86187 7396905.8536 -3042.705536 3063.7055359 -320.6021326 -921.0173615 237.14281371 86.730000000 3.1260811089 236.32000000
 3731.0000000 289193.29745 7396897.6957 -3043.504990 3064.5049903 -333.1665455 -929.1752711 238.51281371 87.160000000 2.8680724618 237.69000000
 3747.0000000 289179.71212 7396889.2626 -3044.121988 3065.1219876 -346.7518810 -937.6084116 239.47281371 88.420000000 2.9692519511 238.65000000
 3759.0000000 289169.46677 7396883.0247 -3044.525080 3065.5250804 -356.9972266 -943.8463242 239.50281371 87.730000000 1.7266278072 238.68000000
 3775.0000000 289155.74486 7396874.8187 -3045.189523 3066.1895233 -370.7191440 -952.0523215 240.38281371 87.510000000 1.6993992754 239.56000000
 3787.0000000 289145.40500 7396868.7438 -3045.663779 3066.6637790 -381.0589990 -958.1272409 240.39281371 87.960000000 1.1252773083 239.57000000
 3803.0000000 289131.60429 7396860.6614 -3046.204030 3067.2040303 -394.8597077 -966.2095966 240.54281371 88.170000000 0.4837875057 239.72000000
 3818.0000000 289118.65088 7396853.1071 -3046.660799 3067.6607995 -407.8131220 -973.7638919 240.60281371 88.340000000 0.3605365953 239.78000000
 3834.0000000 289104.81239 7396845.0867 -3047.156394 3068.1563941 -421.6516075 -981.7842646 240.85281371 88.110000000 0.6367825509 240.03000000
 3846.0000000 289094.40994 7396839.1134 -3047.545884 3068.5458836 -432.0540555 -987.7575554 241.06281371 88.170000000 0.5457422540 240.24000000
 3876.0000000 289068.33732 7396824.3019 -3048.595486 3069.5954860 -458.1266768 -1002.569055 241.38281371 87.820000000 0.4741037183 240.56000000
 3905.0000000 289043.04736 7396810.1474 -3049.741611 3070.7416114 -483.4166432 -1016.723602 241.79281371 87.650000000 0.4588456558 240.97000000
 3934.0000000 289017.67847 7396796.1313 -3050.844742 3071.8447421 -508.7855253 -1030.739703 242.01281371 87.990000000 0.4188439470 241.19000000
 3957.0000000 288997.57663 7396784.9748 -3051.621357 3072.6213568 -528.8873662 -1041.896245 241.57281371 88.140000000 0.6060364964 240.75000000
 3986.0000000 288972.48116 7396770.4711 -3052.651207 3073.6512075 -553.9828396 -1056.399861 240.02281371 87.790000000 1.6428299098 239.20000000
 4018.0000000 288945.17238 7396753.8277 -3053.876866 3074.8768659 -581.2916193 -1073.043265 238.90281371 87.820000000 1.0496064222 238.08000000
 4047.0000000 288920.53302 7396738.5594 -3054.891481 3075.8914807 -605.9309757 -1088.311568 239.17281371 88.170000000 0.4571788121 238.35000000
 4077.0000000 288895.01829 7396722.8041 -3055.909684 3076.9096843 -631.4457080 -1104.066911 239.08281371 87.940000000 0.2469628685 238.26000000
 4106.0000000 288870.35709 7396707.5728 -3056.952120 3077.9521195 -656.1069076 -1119.298176 239.16281371 87.940000000 0.0827051365 238.34000000
 4134.0000000 288846.51836 7396692.9155 -3058.007445 3079.0074447 -679.9456405 -1133.955456 239.31281371 87.740000000 0.2677885942 238.49000000
 4160.0000000 288824.38736 7396679.2949 -3058.955646 3079.9556459 -702.0766434 -1147.576052 239.11281371 88.080000000 0.4550700799 238.29000000
 4187.0000000 288801.33031 7396665.2566 -3059.657716 3080.6577161 -725.1336936 -1161.614407 239.86281371 88.940000000 1.2676940751 239.04000000
 4220.0000000 288773.17116 7396648.0443 -3059.896737 3080.8967373 -753.2928435 -1178.826707 238.91281371 90.230000000 1.4563949955 238.09000000
 4248.0000000 288749.45615 7396633.1504 -3059.867416 3080.8674157 -777.0078508 -1193.720617 238.47281371 89.890000000 0.5957751956 237.65000000
 4278.0000000 288724.08902 7396617.1261 -3059.836000 3080.8359998 -802.3749811 -1209.744883 238.61281371 90.230000000 0.3676954188 237.79000000
 4306.0000000 288700.40008 7396602.1909 -3059.738262 3080.7382616 -826.0639214 -1224.680143 238.57281371 90.170000000 0.0772616671 237.75000000
 4328.0000000 288681.71727 7396590.5685 -3059.628828 3080.6288285 -844.7467280 -1236.302548 239.30281371 90.400000000 1.0436817866 238.48000000
 4361.0000000 288653.54021 7396573.3823 -3059.504998 3080.5049976 -872.9237921 -1253.488654 239.58281371 90.030000000 0.4218207519 238.76000000
 4387.0000000 288631.27049 7396559.9561 -3059.523149 3080.5231491 -895.1935063 -1266.914854 239.89281371 89.890000000 0.3924771783 239.07000000
 4408.0000000 288613.24198 7396549.1811 -3059.590955 3080.5909550 -913.2220183 -1277.689906 240.02281371 89.740000000 0.2835626633 239.20000000
 4441.0000000 288584.88791 7396532.2885 -3059.723425 3080.7234251 -941.5760857 -1294.582520 240.05281371 89.800000000 0.0609835733 239.23000000
 4469.0000000 288560.81227 7396517.9847 -3059.750303 3080.7503032 -965.6517325 -1308.886341 240.16281371 90.090000000 0.3323155594 239.34000000
 4515.0000000 288521.31805 7396494.3896 -3059.437194 3080.4371938 -1005.145945 -1332.481393 239.77281371 90.690000000 0.4666993901 238.95000000
 4560.0000000 288482.77302 7396471.1603 -3058.891355 3079.8913554 -1043.690983 -1355.710682 239.72281371 90.700000000 0.0339910587 238.90000000
