# WELL TRACE FROM PETREL 
# WELL NAME:              7-PPT51HP-RJS
# DEFINITIVE SURVEY:      20190920
# WELL HEAD X-COORDINATE: 289531.14000000 (m)
# WELL HEAD Y-COORDINATE: 7397833.90000000 (m)
# WELL DATUM (KB, Kelly bushing, from MSL): 21.00000000 (m)
# WELL TYPE:              OIL
# MD AND TVD ARE REFERENCED (=0) AT WELL DATUM AND INCREASE DOWNWARDS
# ANGLES ARE GIVEN IN DEGREES
# XYZ TRACE IS GIVEN IN COORDINATE SYSTEM BRAZIL SIRGAS 2000 (WGS84) UTM24S CM 39W (Brazil SIRGAS 2000 (WGS84) UTM24S Lon range 42W - 36W) [Chevron,720787]
# AZIM_TN: azimuth in True North 
# AZIM_GN: azimuth in Grid North 
# DX DY ARE GIVEN IN GRID NORTH IN m-UNITS
# DEPTH (Z, tvd_z) GIVEN IN m-UNITS
#===============================================================================================================================================
      MD            X            Y            Z           TVD           DX          DY        AZIM_TN        INCL         DLS        AZIM_GN
#===============================================================================================================================================
 0.0000000000 289531.14000 7397833.9000 21.000000000 0.0000000000 0.0000000019 -0.000000002 0.8227929552 0.0000000000 0.0000000000 0.0000000000
 1201.0000000 289531.14000 7397833.9000 -1180.000000 1201.0000000 0.0000000019 -0.000000002 0.8227929552 0.0000000000 0.0000000000 0.0000000000
 1217.5000000 289531.16585 7397833.9364 -1196.499919 1217.4999195 0.0258546491 0.0363944713 36.212792955 0.3100000000 0.5636363636 35.390000000
 1234.0000000 289531.24342 7397834.0456 -1212.999356 1233.9993560 0.1034178343 0.1455768272 36.212792955 0.6200000000 0.5636363636 35.390000000
 1248.5000000 289531.34383 7397834.1869 -1227.498317 1248.4983166 0.2038267250 0.2869180981 36.212792955 0.7500000000 0.2689655172 35.390000000
 1263.0000000 289531.46329 7397834.3551 -1241.996847 1262.9968466 0.3232901348 0.4550815960 36.212792955 0.8800000000 0.2689655172 35.390000000
 1271.0000000 289531.52953 7397834.4386 -1249.996130 1270.9961302 0.3895253072 0.5386183951 43.325381167 0.6497628106 0.9323015791 42.502588211
 1279.0000000 289531.58590 7397834.4889 -1257.995768 1278.9957676 0.4458957093 0.5888699666 57.662792955 0.4400000000 0.9323015791 56.840000000
 1286.0000000 289531.63358 7397834.5238 -1264.995517 1285.9955174 0.4935794037 0.6237597521 52.104412214 0.5282323911 0.4279408037 51.281619259
 1293.0000000 289531.68661 7397834.5696 -1271.995165 1292.9951655 0.5466145034 0.6696139993 48.162792955 0.6200000000 0.4279408037 47.340000000
 1307.0000000 289531.77447 7397834.6501 -1285.994646 1306.9946463 0.6344669953 0.7500638003 48.653121351 0.3549103857 0.5681143022 47.830328396
 1321.0000000 289531.81518 7397834.6861 -1299.994528 1320.9945284 0.6751803810 0.7860664707 52.032792955 0.0900000000 0.5681143022 51.210000000
 1335.5000000 289531.83857 7397834.6708 -1314.494491 1335.4944911 0.6985701508 0.7708135676 147.87190264 0.2108192042 0.4913751694 147.04910969
 1350.0000000 289531.87323 7397834.5965 -1328.994249 1349.9942490 0.7332277122 0.6965134665 159.61279296 0.4400000000 0.4913751694 158.79000000
 1364.5000000 289531.92491 7397834.4735 -1343.493630 1364.4936296 0.7849114537 0.5735011464 156.90215809 0.6146168201 0.3648436402 156.07936513
 1379.0000000 289531.99938 7397834.3121 -1357.992535 1378.9925348 0.8593797675 0.4121117415 155.39279296 0.7900000000 0.3648436402 154.57000000
 1393.5000000 289532.09149 7397834.1040 -1372.490739 1393.4907393 0.9514880396 0.2039533276 158.17571810 1.0092351846 0.4623778940 157.35292514
 1408.0000000 289532.19609 7397833.8406 -1386.987962 1407.9879624 1.0560911243 -0.059364723 159.96279296 1.2300000000 0.4623778940 159.14000000
 1422.5000000 289532.32206 7397833.5197 -1401.483851 1422.4838506 1.1820570990 -0.380324977 158.92682874 1.4948292871 0.5502651539 158.10403579
 1437.0000000 289532.47825 7397833.1386 -1415.977989 1436.9779891 1.3382531513 -0.761407698 158.20279296 1.7600000000 0.5502651539 157.38000000
 1451.5000000 289532.67270 7397832.6893 -1430.469701 1451.4697013 1.5327008747 -1.210712699 156.76882375 2.1095276103 0.7300081410 155.94603080
 1466.0000000 289532.91342 7397832.1637 -1444.958152 1465.9581523 1.7734187844 -1.736333210 155.74279296 2.4600000000 0.7300081410 154.92000000
 1473.5000000 289533.05200 7397831.8637 -1452.450869 1473.4508693 1.9119991430 -2.036323457 156.29937795 2.5898896208 0.5287289053 155.47658500
 1481.0000000 289533.19479 7397831.5469 -1459.942817 1480.9428174 2.0547913359 -2.353080854 156.80279296 2.7200000000 0.5287289053 155.98000000
 1488.0000000 289533.32260 7397831.2461 -1466.935181 1487.9351815 2.1825979284 -2.653947041 158.84474565 2.6332177952 0.5525190328 158.02195269
 1495.0000000 289533.43554 7397830.9504 -1473.928023 1494.9280230 2.2955412853 -2.949615816 161.02279296 2.5500000000 0.5525190328 160.20000000
 1504.5000000 289533.60693 7397830.5294 -1483.417121 1504.4171211 2.4669279438 -3.370636415 156.63339983 2.9384169809 1.3937339851 155.81060687
 1514.0000000 289533.83469 7397830.0618 -1492.902854 1513.9028543 2.6946921106 -3.838206561 153.28279296 3.3400000000 1.3937339851 152.46000000
 1519.5000000 289533.99074 7397829.7674 -1498.392752 1519.3927524 2.8507421617 -4.132561009 152.53140165 3.6047331133 1.4651493047 151.70860870
 1525.0000000 289534.16253 7397829.4527 -1503.881051 1524.8810510 3.0225283219 -4.447283663 151.88279296 3.8700000000 1.4651493047 151.06000000
 1539.5000000 289534.65651 7397828.5699 -1518.345719 1539.3457195 3.5165130983 -5.330051107 151.31948397 4.1298246122 0.5436742882 150.49669102
 1554.0000000 289535.19120 7397827.6348 -1532.805649 1553.8056491 4.0511991625 -6.265208123 150.82279296 4.3900000000 0.5436742882 150.00000000
 1568.0000000 289535.73682 7397826.6932 -1546.763300 1567.7632998 4.5968181754 -7.206773415 150.64258279 4.5249789996 0.2907932823 149.81978984
 1582.0000000 289536.30189 7397825.7249 -1560.718348 1581.7183480 5.1618852352 -8.175074747 150.47279296 4.6600000000 0.2907932823 149.65000000
 1596.5000000 289536.91103 7397824.7168 -1575.170440 1596.1704403 5.7710327258 -9.183184518 148.88779296 4.6582248884 0.2663862866 148.06500000
 1611.0000000 289537.54784 7397823.7259 -1589.622533 1610.6225327 6.4078366205 -10.17405624 147.30279296 4.6600000000 0.2663862866 146.48000000
 1620.0000000 289537.95645 7397823.1152 -1598.592495 1619.5924955 6.8164517767 -10.78475472 146.77278285 4.7048033897 0.2076116486 145.94998990
 1629.0000000 289538.37462 7397822.5025 -1607.561878 1628.5618784 7.2346170152 -11.39750360 146.25279296 4.7500000000 0.2076116486 145.43000000
 1635.0000000 289538.65524 7397822.0952 -1613.541466 1634.5414659 7.5152445235 -11.80475231 146.25279296 4.7050000000 0.2250000000 145.43000000
 1641.0000000 289538.93321 7397821.6919 -1619.521440 1640.5214400 7.7932067815 -12.20813320 146.25279296 4.6600000000 0.2250000000 145.43000000
 1650.0000000 289539.38579 7397821.1188 -1628.491733 1649.4917334 8.2457929915 -12.78119867 138.79692663 4.6661479148 2.0191324815 137.97413368
 1659.0000000 289539.91363 7397820.6040 -1637.461447 1658.4614470 8.7736277699 -13.29601281 131.48279296 4.7500000000 2.0191324815 130.66000000
 1664.0000000 289540.24022 7397820.3378 -1642.443664 1663.4436639 9.1002221439 -13.56218467 128.57311113 4.9191146440 1.7869900760 127.75031818
 1669.0000000 289540.59173 7397820.0789 -1647.424570 1668.4245696 9.4517324959 -13.82106353 125.86279296 5.1000000000 1.7869900760 125.04000000
 1677.0000000 289541.15739 7397819.6621 -1655.393654 1676.3936540 10.017392229 -14.23789915 128.58854150 4.9791238576 1.0056949787 127.76574855
 1685.0000000 289541.68967 7397819.2283 -1663.364134 1684.3641336 10.549674548 -14.67166378 131.44279296 4.8700000000 1.0056949787 130.62000000
 1693.0000000 289542.17452 7397818.7517 -1671.335155 1692.3351548 11.034517441 -15.14829319 139.19906960 4.9013279019 2.4780848762 138.37627664
 1701.0000000 289542.59783 7397818.2063 -1679.305273 1700.3052733 11.457825163 -15.69368563 146.72279296 5.0200000000 2.4780848762 145.90000000
 1707.5000000 289542.88105 7397817.7056 -1685.779721 1706.7797214 11.741049691 -16.19436947 155.80222528 5.1648192830 3.7750015874 154.97943232
 1714.0000000 289543.09284 7397817.1457 -1692.252052 1713.2520517 11.952841113 -16.75425638 164.19279296 5.4300000000 3.7750015874 163.37000000
 1721.5000000 289543.27646 7397816.4520 -1699.717639 1720.7176392 12.136455678 -17.44797904 167.76217290 5.5547793142 1.4545596214 166.93937994
 1729.0000000 289543.42100 7397815.7311 -1707.181513 1728.1815131 12.281004082 -18.16885576 171.16279296 5.7000000000 1.4545596214 170.34000000
 1736.0000000 289543.53375 7397815.0395 -1714.146358 1735.1463576 12.393746946 -18.86048896 171.95995423 5.7894604008 0.5137428309 171.13716128
 1743.0000000 289543.63862 7397814.3356 -1721.110093 1742.1100929 12.498617141 -19.56442409 172.73279296 5.8800000000 0.5137428309 171.91000000
 1748.0000000 289543.72378 7397813.8280 -1726.083538 1747.0835376 12.583779781 -20.07198244 169.87699161 5.9378277073 1.7975835396 169.05419865
 1753.0000000 289543.83508 7397813.3198 -1731.056395 1752.0563949 12.695075022 -20.58024098 167.08279296 6.0100000000 1.7975835396 166.26000000
 1759.5000000 289544.01368 7397812.6646 -1737.520823 1758.5208232 12.873683505 -21.23544599 164.06035364 5.9866799203 1.4615394112 163.23756068
 1766.0000000 289544.22617 7397812.0213 -1743.985429 1764.9854293 13.086167620 -21.87867734 161.02279296 5.9800000000 1.4615394112 160.20000000
 1779.0350000 289544.67557 7397810.7787 -1756.953279 1777.9532794 13.535571450 -23.12132820 160.85310431 5.6549723656 0.7490956101 160.03031136
 1792.0700000 289545.10362 7397809.6066 -1769.928415 1790.9284153 13.963623288 -24.29344015 160.66279296 5.3300000000 0.7490956101 159.84000000
 1801.8033333 289545.43546 7397808.7290 -1779.616417 1800.6164172 14.295461551 -25.17100844 159.59486897 5.7317200158 1.2781214807 158.77207602
 1811.5366667 289545.80766 7397807.7941 -1789.297588 1810.2975879 14.667655945 -26.10592348 158.66667398 6.1351594127 1.2781214807 157.84388102
 1821.2700000 289546.22019 7397806.8019 -1798.971420 1819.9714205 15.080186974 -27.09813629 157.85279296 6.5400000000 1.2781214807 157.03000000
 1828.5700000 289546.55000 7397806.0254 -1806.222525 1827.2225245 15.409999480 -27.87458605 157.76540429 6.7299926678 0.7818934282 156.94261133
 1835.8700000 289546.89040 7397805.2273 -1813.470792 1834.4707916 15.750396078 -28.67266269 157.68279296 6.9200000000 0.7818934282 156.86000000
 1842.2750000 289547.20744 7397804.5111 -1819.827725 1840.8277247 16.067440277 -29.38891148 156.23147027 7.1278651536 1.2801222094 155.40867732
 1848.6800000 289547.55196 7397803.7818 -1826.181744 1847.1817440 16.411957606 -30.11821618 154.86279296 7.3400000000 1.2801222094 154.04000000
 1856.5450000 289548.00006 7397802.8678 -1833.980615 1854.9806151 16.860055128 -31.03215723 154.55014133 7.5298946019 0.7405816168 153.72734838
 1864.4100000 289548.46452 7397801.9331 -1841.776068 1862.7760685 17.324516996 -31.96686001 154.25279296 7.7200000000 0.7405816168 153.43000000
 1871.3950000 289548.89622 7397801.0915 -1848.696747 1869.6967471 17.756222442 -32.80845124 153.08966056 7.8434534450 0.8594206981 152.26686761
 1878.3800000 289549.35182 7397800.2455 -1855.615346 1876.6153458 18.211816770 -33.65454435 151.96279296 7.9700000000 0.8594206981 151.14000000
 1885.3550000 289549.83306 7397799.3822 -1862.519980 1883.5199801 18.693064708 -34.51778213 151.41586218 8.3196562180 1.5403668588 150.59306923
 1892.3300000 289550.34306 7397798.4868 -1869.418449 1890.4184490 19.203060609 -35.41322057 150.91279296 8.6700000000 1.5403668588 150.09000000
 1898.9600000 289550.85530 7397797.6022 -1875.969192 1896.9691923 19.715298783 -36.29775714 150.58939751 9.0648697638 1.8009165002 149.76660456
 1905.5900000 289551.39514 7397796.6815 -1882.512734 1903.5127341 20.255142440 -37.21845628 150.29279296 9.4600000000 1.8009165002 149.47000000
 1915.3800000 289552.24447 7397795.2621 -1892.161990 1913.1619899 21.104473580 -38.63785115 149.58154404 9.9920412651 1.6713910666 148.75875108
 1925.1700000 289553.15739 7397793.7765 -1901.795451 1922.7954508 22.017387780 -40.12354578 148.94160174 10.525440075 1.6713910666 148.11880878
 1934.9600000 289554.13380 7397792.2246 -1911.412244 1932.4122440 22.993802313 -41.67540550 148.36279296 11.060000000 1.6713910666 147.54000000
 1942.3850000 289554.91365 7397791.0093 -1918.695518 1939.6955182 23.773650589 -42.89066332 147.91113971 11.364673832 1.2811164817 147.08834675
 1949.8100000 289555.72398 7397789.7676 -1925.971004 1946.9710036 24.583984762 -44.13235626 147.48279296 11.670000000 1.2811164817 146.66000000
 1956.5050000 289556.48820 7397788.6250 -1932.523393 1953.5233931 25.348203853 -45.27496897 146.62350320 12.023761259 1.7713097751 145.80071025
 1963.2000000 289557.29203 7397787.4603 -1939.067140 1960.0671404 26.152032798 -46.43972923 145.81279296 12.380000000 1.7713097751 144.99000000
 1972.7266667 289558.49904 7397785.7567 -1948.362243 1969.3622435 27.359038678 -48.14328547 145.20908251 12.935441872 1.7980183656 144.38628956
 1982.2533333 289559.77603 7397783.9924 -1957.636648 1978.6366482 28.636027422 -49.90758088 144.65432494 13.492159085 1.7980183656 143.83153199
 1991.7800000 289561.12287 7397782.1676 -1966.889434 1987.8894336 29.982872217 -51.73244024 144.14279296 14.050000000 1.7980183656 143.32000000
 2001.5633333 289562.59224 7397780.2340 -1976.366598 1997.3665982 31.452243265 -53.66595191 143.06050680 14.692249495 2.1346618728 142.23771385
 2011.3466667 289564.16230 7397778.2438 -1985.815845 2006.8158451 33.022298848 -55.65617346 142.06726856 15.339102460 2.1346618728 141.24447561
 2021.1300000 289565.83281 7397776.1972 -1995.235779 2016.2357794 34.692807199 -57.70281108 141.15279296 15.990000000 2.1346618728 140.33000000
 2030.7066667 289567.56519 7397774.1489 -2004.429105 2025.4291054 36.425190466 -59.75106410 140.06267845 16.541529728 1.9747522000 139.23988550
 2040.2833333 289569.39359 7397772.0662 -2013.596055 2034.5960552 38.253586412 -61.83382125 139.04132518 17.098363750 1.9747522000 138.21853222
 2049.8600000 289571.31777 7397769.9492 -2022.735519 2043.7355191 40.177773709 -63.95083041 138.08279296 17.660000000 1.9747522000 137.26000000
 2059.1200000 289573.26599 7397767.8596 -2031.543875 2052.5438750 42.125986008 -66.04043734 137.58220214 18.275485046 2.0557971869 136.75940918
 2068.3800000 289575.29686 7397765.7179 -2040.321006 2061.3210059 44.156863932 -68.18211709 137.11318310 18.892190322 2.0557971869 136.29039015
 2077.6400000 289577.41016 7397763.5244 -2049.065835 2070.0658352 46.270158376 -70.37560697 136.67279296 19.510000000 2.0557971869 135.85000000
 2087.3033333 289579.70570 7397761.1636 -2058.150928 2079.1509281 48.565702139 -72.73636275 136.57944185 20.329955850 2.5474818834 135.75664889
 2096.9666667 289582.09550 7397758.7136 -2067.187974 2088.1879744 50.955504211 -75.18636215 136.49303464 21.149957564 2.5474818834 135.67024169
 2106.6300000 289584.57907 7397756.1749 -2076.175121 2097.1751206 53.439074429 -77.72510268 136.41279296 21.970000000 2.5474818834 135.59000000
 2116.0433333 289587.09378 7397753.6108 -2084.876524 2105.8765240 55.953784818 -80.28919722 136.34828601 22.879976763 2.9011273538 135.52549306
 2125.4566667 289589.70784 7397750.9512 -2093.519801 2114.5198006 58.567838452 -82.94881364 136.28845882 23.789977654 2.9011273538 135.46566586
 2134.8700000 289592.42058 7397748.1967 -2102.102769 2123.1027686 61.280575491 -85.70328059 136.23279296 24.700000000 2.9011273538 135.41000000
 2144.5600000 289595.30387 7397745.2638 -2110.876824 2131.8768240 64.163866321 -88.63620220 136.38826844 25.523183574 2.5567275057 135.56547548
 2154.2500000 289598.26728 7397742.2335 -2119.590889 2140.5908885 67.127284730 -91.66654563 136.53465922 26.346521606 2.5567275057 135.71186626
 2163.9400000 289601.31022 7397739.1063 -2128.243152 2149.2431519 70.170215097 -94.79368134 136.67279296 27.170000000 2.5567275057 135.85000000
 2173.5700000 289604.41291 7397735.9188 -2136.784507 2157.7845069 73.272905818 -97.98118775 136.51961315 27.843175321 2.1086668868 135.69682020
 2183.2000000 289607.59391 7397732.6679 -2145.273012 2166.2730117 76.453906556 -101.2320978 136.37310068 28.516512407 2.1086668868 135.55030772
 2192.8300000 289610.85277 7397729.3540 -2153.707482 2174.7074816 79.712773354 -104.5459577 136.23279296 29.190000000 2.1086668868 135.41000000
 2202.4166667 289614.17671 7397725.9894 -2162.046567 2183.0465668 83.036712040 -107.9105633 136.11094986 29.923228707 2.3022212196 135.28815691
 2212.0033333 289617.58254 7397722.5562 -2170.324449 2191.3244491 86.442539951 -111.3437512 135.99440776 30.656564563 2.3022212196 135.17161481
 2221.5900000 289621.06970 7397719.0550 -2178.539764 2199.5397638 89.929695579 -114.8449554 135.88279296 31.390000000 2.3022212196 135.06000000
 2230.8166667 289624.50161 7397715.6324 -2186.391176 2207.3911761 93.361610728 -118.2676385 135.61079298 31.979448814 1.9720467099 134.78800002
 2240.0433333 289628.00678 7397712.1691 -2194.192292 2215.1922922 96.866780656 -121.7308852 135.34761565 32.569458903 1.9720467099 134.52482269
 2249.2700000 289631.58481 7397708.6657 -2201.942238 2222.9422380 100.44481259 -125.2343074 135.09279296 33.160000000 1.9720467099 134.27000000
 2258.2033333 289635.11377 7397705.2274 -2209.394450 2230.3944500 103.97377137 -128.6725900 135.06183478 33.773325980 2.0604744910 134.23904183
 2267.1366667 289638.70153 7397701.7356 -2216.793502 2237.7935022 107.56152977 -132.1644448 135.03185209 34.386659446 2.0604744910 134.20905914
 2276.0700000 289642.34768 7397698.1905 -2224.138546 2245.1385459 111.20767635 -135.7094713 135.00279296 35.000000000 2.0604744910 134.18000000
 2285.9833333 289646.47709 7397694.2118 -2232.225585 2253.2255847 115.33708979 -139.6881954 134.51745281 35.671483231 2.2024577321 133.69465986
 2295.8966667 289650.70813 7397690.2026 -2240.244779 2261.2447786 119.56812924 -143.6973913 134.04772813 36.344851416 2.2024577321 133.22493517
 2305.8100000 289655.04011 7397686.1636 -2248.194834 2269.1948335 123.90011202 -147.7364123 133.59279296 37.020000000 2.2024577321 132.77000000
 2315.1300000 289659.19030 7397682.3347 -2255.610109 2276.6101089 128.05030069 -151.5653459 133.44260484 37.549816901 1.7303802646 132.61981189
 2324.4500000 289663.40075 7397678.4703 -2262.972851 2283.9728512 132.26074667 -155.4297349 133.29598782 38.079819503 1.7303802646 132.47319487
 2333.7700000 289667.67108 7397674.5708 -2270.282413 2291.2824125 136.53107933 -159.3292392 133.15279296 38.610000000 1.7303802646 132.33000000
 2343.6366667 289672.24721 7397670.3891 -2277.959256 2298.9592561 141.10721009 -163.5109263 133.33407990 39.223063872 1.8959318971 132.51128695
 2353.5033333 289676.87049 7397666.1377 -2285.569327 2306.5693269 145.73048524 -167.7622617 133.51067427 39.836401460 1.8959318971 132.68788132
 2363.3700000 289681.54036 7397661.8173 -2293.111724 2314.1117237 150.40035720 -172.0827420 133.68279296 40.450000000 1.8959318971 132.86000000
 2372.9366667 289686.11283 7397657.5696 -2300.363067 2321.3630667 154.97283249 -176.3303720 133.74405959 40.976635322 1.6562174291 132.92126664
 2382.5033333 289690.72941 7397653.2719 -2307.556747 2328.5567467 159.58941013 -180.6280793 133.80404304 41.503302399 1.6562174291 132.98125009
 2392.0700000 289695.38970 7397648.9245 -2314.692152 2335.6921525 164.24969785 -184.9754987 133.86279296 42.030000000 1.6562174291 133.04000000
 2401.6133333 289700.08927 7397644.5383 -2321.746366 2342.7463663 168.94926590 -189.3616760 133.83209409 42.646658776 1.9395904835 133.00930114
 2411.1566667 289704.84642 7397640.1031 -2328.730995 2349.7309954 173.70642255 -193.7968903 133.80210443 43.263325560 1.9395904835 132.97931147
 2420.7000000 289709.66062 7397635.6194 -2335.645230 2356.6452296 178.52061613 -198.2806272 133.77279296 43.880000000 1.9395904835 132.95000000
 2430.2166667 289714.52130 7397631.1065 -2342.470706 2363.4707059 183.38130158 -202.7934532 133.62305960 44.469811030 1.8881684845 132.80026665
 2439.7333333 289719.44501 7397626.5589 -2349.227543 2370.2275430 188.30501232 -207.3411429 133.47643460 45.059813617 1.8881684845 132.65364165
 2449.2500000 289724.43121 7397621.9768 -2355.915003 2376.9150027 193.29121026 -211.9231993 133.33279296 45.650000000 1.8881684845 132.51000000
 2458.7800000 289729.49379 7397617.3606 -2362.540301 2383.5403012 198.35378650 -216.5394091 133.03347362 46.262578503 2.0438483255 132.21068067
 2468.3100000 289734.63250 7397612.7234 -2369.091937 2390.0919366 203.49250037 -221.1766092 132.74022053 46.875922258 2.0438483255 131.91742758
 2477.8400000 289739.84669 7397608.0658 -2375.569068 2396.5690677 208.70669202 -225.8342041 132.45279296 47.490000000 2.0438483255 131.63000000
 2487.3500000 289745.11911 7397603.3846 -2381.951967 2402.9519674 213.97910950 -230.5154101 132.39488768 48.193305316 2.2227569492 131.57209472
 2496.8600000 289750.45446 7397598.6570 -2388.247852 2409.2478523 219.31445532 -235.2429595 132.33824002 48.896639080 2.2227569492 131.51544706
 2506.3700000 289755.85192 7397593.8839 -2394.455770 2415.4557702 224.71192256 -240.0161373 132.28279296 49.600000000 2.2227569492 131.46000000
 2515.9333333 289761.34030 7397589.0376 -2400.609102 2421.6091021 230.20029925 -244.8623809 132.25218450 50.303325575 2.2075432860 131.42939155
 2525.4966667 289766.88748 7397584.1447 -2406.672108 2427.6721080 235.74747783 -249.7553287 132.22219359 51.006659025 2.2075432860 131.39940064
 2535.0600000 289772.49262 7397579.2058 -2412.643873 2433.6438732 241.35262150 -254.6942425 132.19279296 51.710000000 2.2075432860 131.37000000
 2549.1250000 289780.79386 7397571.9008 -2421.337924 2442.3379243 249.65385821 -261.9992136 132.14765762 51.929991422 0.4752948731 131.32486466
 2563.1900000 289789.12585 7397564.5804 -2429.989459 2450.9894590 257.98585028 -269.3196452 132.10279296 52.150000000 0.4752948731 131.28000000
 2577.3750000 289797.55019 7397557.1963 -2438.693328 2459.6933278 266.41019440 -276.7036748 132.01279296 52.149965752 0.1502977274 131.19000000
 2591.5600000 289805.98613 7397549.8255 -2447.397197 2468.3971966 274.84612685 -284.0744617 131.92279296 52.150000000 0.1502977274 131.10000000
 2605.8650000 289814.49242 7397542.3762 -2456.161898 2477.1618976 283.35241597 -291.5238312 132.14317903 52.279795597 0.4555421765 131.32038608
 2620.1700000 289822.98493 7397534.8811 -2464.900925 2485.9009248 291.84492943 -299.0189486 132.36279296 52.410000000 0.4555421765 131.54000000
 2634.8700000 289831.69562 7397527.1399 -2473.863468 2494.8634682 300.55562357 -306.7601414 132.53789859 52.454870872 0.2976892494 131.71510564
 2649.5700000 289840.38788 7397519.3674 -2482.816858 2503.8168575 309.24787832 -314.5325930 132.71279296 52.500000000 0.2976892494 131.89000000
 2663.8700000 289848.82089 7397511.7857 -2491.530568 2512.5305682 317.68089255 -322.1143380 132.84763880 52.414923127 0.2866522863 132.02484585
 2678.1700000 289857.22642 7397504.1927 -2500.261090 2521.2610903 326.08641589 -329.7072562 132.98279296 52.330000000 0.2866522863 132.16000000
 2692.4950000 289865.63924 7397496.5932 -2509.019741 2530.0197413 334.49924209 -337.3068178 132.84787495 52.284923036 0.2426957693 132.02508199
 2706.8200000 289874.06483 7397489.0181 -2517.787292 2538.7872925 342.92483201 -344.8819333 132.71279296 52.240000000 0.2426957693 131.89000000
 2721.1100000 289882.48025 7397481.4931 -2526.550675 2547.5506753 351.34025034 -352.4068802 132.53810195 52.109870468 0.3981827145 131.71530899
 2735.4000000 289890.90373 7397474.0071 -2535.339646 2556.3396461 359.76372652 -359.8928584 132.36279296 51.980000000 0.3981827145 131.54000000
 2749.7350000 289899.35120 7397466.5052 -2544.165163 2565.1651633 368.21119865 -367.3948388 132.49786654 52.019922854 0.2379074958 131.67507358
 2764.0700000 289907.78557 7397458.9792 -2552.982792 2573.9827922 376.64556704 -374.9208024 132.63279296 52.060000000 0.2379074958 131.81000000
 2778.3200000 289916.16149 7397451.4936 -2561.752538 2582.7525383 385.02148587 -382.4064313 132.58784516 51.974991425 0.1938853165 131.76505220
 2792.5700000 289924.53356 7397444.0232 -2570.538938 2591.5389376 393.39356313 -389.8768074 132.54279296 51.890000000 0.1938853165 131.72000000
 2806.8200000 289932.91541 7397436.5788 -2579.338085 2600.3380848 401.77540675 -397.3211689 132.32292871 51.844794814 0.3763201668 131.50013575
 2821.0700000 289941.32058 7397429.1713 -2588.146033 2609.1460326 410.18058471 -404.7287187 132.10279296 51.800000000 0.3763201668 131.28000000
 2830.7000000 289947.02675 7397424.2105 -2594.111187 2615.1111872 415.88674707 -409.6895279 131.54839013 51.650704150 1.4334186506 130.72559718
 2840.3300000 289952.76899 7397419.3152 -2600.095848 2621.0958483 421.62899459 -414.5847643 130.99171696 51.504029303 1.4334186506 130.16892400
 2849.9600000 289958.54696 7397414.4859 -2606.099630 2627.0996302 427.40695692 -419.4141120 130.43279296 51.360000000 1.4334186506 129.61000000
 2859.5033333 289964.31336 7397409.7633 -2612.060900 2633.0609000 433.17335599 -424.1366890 129.84662610 51.327069953 1.4426498757 129.02383315
 2869.0466667 289970.12523 7397405.1020 -2618.026262 2639.0262618 438.98523315 -428.7979501 129.25994373 51.297068086 1.4426498757 128.43715077
 2878.5900000 289975.98222 7397400.5024 -2623.995333 2644.9953328 444.84221552 -433.3975962 128.67279296 51.270000000 1.4426498757 127.85000000
 2888.1466667 289981.90364 7397395.9872 -2629.986456 2650.9864560 450.76364443 -437.9128418 127.62465723 51.087212783 2.6268843834 126.80186428
 2897.7033333 289987.89184 7397391.5923 -2636.000693 2657.0006927 456.75183811 -442.3076944 126.57124897 50.913844452 2.6268843834 125.74845602
 2907.2600000 289993.94552 7397387.3188 -2642.036760 2663.0367601 462.80551923 -446.5812166 125.51279296 50.750000000 2.6268843834 124.69000000
 2916.7333333 290000.01018 7397383.2070 -2648.042678 2669.0426785 468.87018255 -450.6929851 124.40516968 50.562732678 2.7766799124 123.58237673
 2926.2066667 290006.13737 7397379.2240 -2654.071838 2675.0718381 474.99737080 -454.6760180 123.29174430 50.386025760 2.7766799124 122.46895135
 2935.6800000 290012.32565 7397375.3706 -2660.122827 2681.1228270 481.18564906 -458.5293826 122.17279296 50.220000000 2.7766799124 121.35000000
 2945.2766667 290018.65525 7397371.6002 -2666.273445 2687.2734453 487.51524789 -462.2997866 121.03442741 50.062115001 2.7758999378 120.21163446
 2954.8733333 290025.04443 7397367.9647 -2672.443624 2693.4436237 493.90443247 -465.9353084 119.89098416 49.915412768 2.7758999378 119.06819120
 2964.4700000 290031.49167 7397364.4649 -2678.631880 2699.6318803 500.35166820 -469.4350746 118.74279296 49.780000000 2.7758999378 117.92000000
 2974.0033333 290037.95449 7397361.1179 -2684.790438 2705.7904385 506.81448846 -472.7820579 117.66047437 49.739899621 2.6029181377 116.83768142
 2983.5366667 290044.47603 7397357.8954 -2690.953448 2711.9534480 513.33603029 -476.0046297 116.57703376 49.709893057 2.6029181377 115.75424080
 2993.0700000 290051.05493 7397354.7979 -2697.119624 2718.1196243 519.91493453 -479.1021184 115.49279296 49.690000000 2.6029181377 114.67000000
 3002.6033333 290057.68975 7397351.8301 -2703.289691 2724.2896913 526.54974664 -482.0698611 114.35054055 49.648743803 2.7432232148 113.52774760
 3012.1366667 290064.37890 7397348.9968 -2709.464277 2730.4642770 533.23889817 -484.9031772 113.20708056 49.618736479 2.7432232148 112.38428760
 3021.6700000 290071.12084 7397346.2986 -2715.641952 2736.6419520 539.98084069 -487.6014106 112.06279296 49.600000000 2.7432232148 111.24000000
 3031.2200000 290077.92170 7397343.7443 -2721.841901 2742.8419013 546.78169929 -490.1556869 110.75199892 49.438401855 3.1728435035 109.92920596
 3040.7700000 290084.76356 7397341.3522 -2728.061374 2749.0613736 553.62356271 -492.5478348 109.43515410 49.291687464 3.1728435035 108.61236114
 3050.3200000 290091.64430 7397339.1229 -2734.298436 2755.2984363 560.50430484 -494.7771109 108.11279296 49.160000000 3.1728435035 107.29000000
 3059.8600000 290098.56230 7397337.0606 -2740.536428 2761.5364285 567.42230477 -496.8393530 106.73165893 49.173550316 3.2863684155 105.90886597
 3069.4000000 290105.53028 7397335.1651 -2746.771676 2767.7716760 574.39027700 -498.7349186 105.35143175 49.203561075 3.2863684155 104.52863879
 3078.9400000 290112.54590 7397333.4368 -2753.002105 2774.0021047 581.40590342 -500.4631770 103.97279296 49.250000000 3.2863684155 103.15000000
 3088.4766667 290119.59388 7397331.8545 -2759.229774 2780.2297740 588.45388313 -502.0455369 102.98039972 49.211483631 2.3673894902 102.15760677
 3098.0133333 290126.66458 7397330.3952 -2765.461761 2786.4617613 595.52457610 -503.5047706 101.98698198 49.181478058 2.3673894902 101.16418902
 3107.5500000 290133.75676 7397329.0594 -2771.696991 2792.6969913 602.61676247 -504.8406261 100.99279296 49.160000000 2.3673894902 100.17000000
 3117.0966667 290140.88148 7397327.8659 -2777.939240 2798.9392398 609.74147875 -506.0340744 99.671698988 49.174949938 3.1414328061 98.848906033
 3126.6433333 290148.03423 7397326.8367 -2784.178653 2805.1786534 616.89423393 -507.0633376 98.351500248 49.204959782 3.1414328061 97.528707293
 3136.1900000 290155.21285 7397325.9719 -2790.413333 2811.4133330 624.07285063 -507.9281025 97.032792955 49.250000000 3.1414328061 96.210000000
 3145.7300000 290162.40782 7397325.2746 -2796.639921 2817.6399212 631.26781702 -508.6254477 95.685017839 49.264342914 3.2114089082 94.862224884
 3155.2700000 290169.61960 7397324.7464 -2802.863711 2823.8637111 638.47959512 -509.1535902 94.338140872 49.294353142 3.2114089082 93.515347917
 3164.8100000 290176.84589 7397324.3876 -2809.082725 2830.0827255 645.70589391 -509.5123621 92.992792955 49.340000000 3.2114089082 92.170000000
 3174.3966667 290184.12358 7397324.1794 -2815.320501 2836.3205005 652.98357761 -509.7205642 91.931557836 49.477029526 2.5580209259 91.108764881
 3183.9833333 290191.41929 7397324.1056 -2821.540231 2842.5402309 660.27929092 -509.7943773 90.874804996 49.623726822 2.5580209259 90.052012041
 3193.5700000 290198.73155 7397324.1662 -2827.740651 2848.7406505 667.59154888 -509.7337864 89.822792955 49.780000000 2.5580209259 89.000000000
 3200.7050000 290204.18121 7397324.3127 -2832.344521 2853.3445212 673.04120874 -509.5872809 88.743801572 49.852566896 3.4793690249 87.921008616
 3207.8400000 290209.63337 7397324.5620 -2836.941008 2857.9410082 678.49337079 -509.3380086 87.667271351 49.935125745 3.4793690249 86.844478396
 3214.9750000 290215.08690 7397324.9140 -2841.529153 2862.5291526 683.94689775 -508.9860215 86.593503683 50.027623225 3.4793690249 85.770710728
 3222.1100000 290220.54065 7397325.3686 -2846.107997 2867.1079974 689.40065209 -508.5313930 85.522792955 50.130000000 3.4793690249 84.700000000
 3231.4733333 290227.71188 7397326.0978 -2852.085207 2873.0852074 696.57188085 -507.8022347 84.514456430 50.531467268 2.7997512883 83.691663475
 3240.8366667 290234.91112 7397326.9573 -2858.011223 2879.0112229 703.77111594 -506.9427243 83.517811458 50.941541752 2.7997512883 82.695018502
 3250.2000000 290242.13668 7397327.9469 -2863.884666 2884.8846656 710.99668285 -505.9530616 82.532792955 51.360000000 2.7997512883 81.710000000
 3259.8566667 290249.59572 7397329.0826 -2869.912907 2890.9129069 718.45572321 -504.8173724 81.798862020 51.385422007 1.7829931134 80.976069065
 3269.5133333 290257.04249 7397330.3142 -2875.937499 2896.9374986 725.90248624 -503.5857920 81.065497904 51.415424920 1.7829931134 80.242704949
 3279.1700000 290264.47622 7397331.6416 -2881.957836 2902.9578362 733.33622474 -502.2584440 80.332792955 51.450000000 1.7829931134 79.510000000
 3289.3050000 290272.26490 7397333.1302 -2888.270999 2909.2709990 741.12489897 -500.7697930 79.672380539 51.493147922 1.5345958211 78.849587583
 3299.4400000 290280.04077 7397334.7095 -2894.577933 2915.5779327 748.90076587 -499.1905362 79.012792955 51.540000000 1.5345958211 78.190000000
 3302.2933333 290282.24277 7397335.1257 -2896.344357 2917.3443566 751.10276878 -498.7743379 81.220258591 51.969622950 18.778701756 80.397465636
 3305.1466667 290284.47275 7397335.4593 -2898.093122 2919.0931218 753.33275091 -498.4407086 83.400774669 52.440020252 18.778701756 82.577981714
 3308.0000000 290286.72855 7397335.7100 -2899.822529 2920.8225293 755.58854547 -498.1899724 85.552792955 52.950000000 18.778701756 84.730000000
 3312.5000000 290290.31395 7397336.0368 -2902.522848 2923.5228484 759.17395403 -497.8632191 85.678362119 53.299934666 2.4271071166 84.855569164
 3317.0000000 290293.91643 7397336.3572 -2905.201128 2926.2011277 762.77643265 -497.5428331 85.802792955 53.650000000 2.4271071166 84.980000000
 3322.3333333 290298.20358 7397336.7542 -2908.349497 2929.3494974 767.06358155 -497.1457755 85.261470084 53.990938993 3.1174591903 84.438677128
 3327.6666667 290302.50544 7397337.1935 -2911.472104 2932.4721039 771.36543558 -496.7065050 84.724825607 54.334289251 3.1174591903 83.902032652
 3333.0000000 290306.82159 7397337.6749 -2914.568655 2935.5686549 775.68159225 -496.2250626 84.192792955 54.680000000 3.1174591903 83.370000000
 3337.3333333 290310.33448 7397338.1053 -2917.069765 2938.0697649 779.19448344 -495.7946681 83.483706403 54.815893018 4.1177449175 82.660913447
 3341.6666667 290313.84775 7397338.5799 -2919.562347 2940.5623473 782.70774770 -495.3201007 82.777023010 54.955904815 4.1177449175 81.954230054
 3346.0000000 290317.36101 7397339.0986 -2922.046134 2943.0461335 786.22100643 -494.8014117 82.072792955 55.100000000 4.1177449175 81.250000000
 3350.3333333 290320.87415 7397339.6625 -2924.520212 2945.5202122 789.73414946 -494.2375200 81.336401319 55.268935729 4.3458291695 80.513608364
 3354.6666667 290324.38704 7397340.2726 -2926.983653 2947.9836530 793.24703787 -493.6273542 80.603052987 55.442284646 4.3458291695 79.780260032
 3359.0000000 290327.89925 7397340.9290 -2929.436160 2950.4361602 796.75925001 -492.9709875 79.872792955 55.620000000 4.3458291695 79.050000000
 3364.3333333 290332.22371 7397341.7951 -2932.435932 2953.4359323 801.08370544 -492.1048952 79.123989130 55.928853699 3.8918844375 78.301196175
 3369.6666667 290336.55238 7397342.7208 -2935.411715 2956.4117154 805.41238425 -491.1791749 78.380664749 56.242215558 3.8918844375 77.557871794
 3375.0000000 290340.88466 7397343.7060 -2938.363076 2959.3630756 809.74465521 -490.1939617 77.642792955 56.560000000 3.8918844375 76.820000000
 3380.0000000 290344.95001 7397344.6837 -2941.105667 2962.1056666 813.81001088 -489.2163149 76.960714351 56.909674907 4.0138476321 76.137921396
 3385.0000000 290349.01973 7397345.7136 -2943.822557 2964.8225566 817.87972738 -488.1864260 76.284067826 57.263034369 4.0138476321 75.461274871
 3390.0000000 290353.09325 7397346.7956 -2946.513375 2967.5133750 821.95324993 -487.1044351 75.612792955 57.620000000 4.0138476321 74.790000000
 3396.5000000 290358.38927 7397348.2777 -2949.979406 2970.9794060 827.24927275 -485.6222882 74.764882470 57.932196561 3.6106094961 73.942089514
 3403.0000000 290363.68106 7397349.8432 -2953.415153 2974.4151527 832.54105784 -484.0568165 73.922792955 58.250000000 3.6106094961 73.100000000
 3408.0000000 290367.74583 7397351.1053 -2956.039951 2977.0399510 836.60582622 -482.7946658 73.223548835 58.419553294 3.7129636270 72.400755880
 3413.0000000 290371.80237 7397352.4193 -2958.652003 2979.6520029 840.66237335 -481.4806791 72.526872466 58.592899832 3.7129636270 71.704079510
 3418.0000000 290375.85023 7397353.7850 -2961.251004 2982.2510037 844.71022605 -480.1150095 71.832792955 58.770000000 3.7129636270 71.010000000
 3424.5000000 290381.09778 7397355.6378 -2964.610861 2985.6108608 849.95777600 -478.2622489 70.920739775 58.981808574 3.7337540853 70.097946820
 3431.0000000 290386.32702 7397357.5780 -2967.949814 2988.9498137 855.18702427 -476.3220075 70.012792955 59.200000000 3.7337540853 69.190000000
 3436.3333333 290390.60275 7397359.2331 -2970.675418 2991.6754181 859.46274679 -474.6668799 69.310824544 59.332914395 3.4753724326 68.488031588
 3441.6666667 290394.86384 7397360.9428 -2973.390230 2994.3902297 863.72384018 -472.9571819 68.610811936 59.469591385 3.4753724326 67.788018981
 3447.0000000 290399.10981 7397362.7069 -2976.093933 2997.0939327 867.96980896 -471.1931125 67.912792955 59.610000000 3.4753724326 67.090000000
 3453.5000000 290404.26869 7397364.9224 -2979.370529 3000.3705290 873.12868796 -468.9776063 67.251187066 59.848348970 2.8574540221 66.428394111
 3460.0000000 290409.41421 7397367.2027 -2982.623581 3003.6235815 878.27420938 -466.6972807 66.592792955 60.090000000 2.8574540221 65.770000000
 3469.3333333 290416.79393 7397370.5799 -2987.234704 3008.2347037 885.65392759 -463.3200729 65.874369849 60.696246629 2.7978691253 65.051576893
 3478.6666667 290424.17482 7397374.0696 -2991.759435 3012.7594355 893.03482028 -459.8304215 65.164455874 61.306292526 2.7978691253 64.341662919
 3488.0000000 290431.55518 7397377.6709 -2996.196733 3017.1967326 900.41518396 -456.2291319 64.462792955 61.920000000 2.7978691253 63.640000000
 3495.2500000 290437.27294 7397380.5606 -2999.592273 3020.5922732 906.13294418 -453.3393662 63.560120276 62.226364288 3.5353158203 62.737327321
 3502.5000000 290442.96075 7397383.5483 -3002.953186 3023.9531858 911.82074933 -450.3516536 62.662565195 62.538558746 3.5353158203 61.839772239
 3509.7500000 290448.61733 7397386.6333 -3006.278723 3027.2787231 917.47733472 -447.2666584 61.770125338 62.856473842 3.5353158203 60.947332382
 3517.0000000 290454.24144 7397389.8149 -3009.568146 3030.5681458 923.10144263 -444.0850665 60.882792955 63.180000000 3.5353158203 60.060000000
 3524.2500000 290459.82917 7397393.0919 -3012.825807 3033.8258065 928.68917364 -440.8081133 59.984582693 63.419167032 3.4647466202 59.161789738
 3531.5000000 290465.37667 7397396.4630 -3016.056084 3037.0560841 934.23666910 -437.4370359 59.090160244 63.663945049 3.4647466202 58.267367289
 3538.7500000 290470.88274 7397399.9274 -3019.258289 3040.2582886 939.74274430 -433.9725542 58.199555247 63.914250728 3.4647466202 57.376762291
 3546.0000000 290476.34622 7397403.4846 -3022.431736 3043.4317362 945.20622336 -430.4154083 57.312792955 64.170000000 3.4647466202 56.490000000
 3553.2500000 290481.76503 7397407.1377 -3025.572627 3046.5726271 950.62502515 -426.7623367 56.362746070 64.485982930 3.7767125538 55.539953115
 3560.5000000 290487.13693 7397410.8898 -3028.677085 3049.6770845 955.99693321 -423.0101972 55.417735160 64.808057090 3.7767125538 54.594942205
 3567.7500000 290492.46058 7397414.7401 -3031.744321 3052.7443208 961.32058444 -419.1599420 54.477754571 65.136102743 3.7767125538 53.654961615
 3575.0000000 290497.73463 7397418.6875 -3034.773557 3055.7735575 966.59462796 -415.2125480 53.542792955 65.470000000 3.7767125538 52.720000000
 3582.0000000 290502.77547 7397422.5897 -3037.667193 3058.6671934 971.63546567 -411.3103142 52.615238543 65.696662801 3.7477736624 51.792445588
 3589.0000000 290507.76160 7397426.5801 -3040.535278 3061.5352780 976.62159878 -407.3199244 51.691033099 65.928937705 3.7477736624 50.868240144
 3596.0000000 290512.69187 7397430.6577 -3043.377143 3064.3771430 981.55186582 -403.2423083 50.770208604 66.166743992 3.7477736624 49.947415648
 3603.0000000 290517.56512 7397434.8216 -3046.192126 3067.1921265 986.42511834 -399.0784157 49.852792955 66.410000000 3.7477736624 49.030000000
 3612.3333333 290523.97364 7397440.4996 -3049.909766 3070.9097663 992.83364415 -393.4004455 48.711994734 66.645138302 3.4472870253 47.889201779
 3621.6666667 290530.27942 7397446.3142 -3053.591623 3074.5916230 999.13942198 -387.5857604 47.575302885 66.888513497 3.4472870253 46.752509930
 3631.0000000 290536.48024 7397452.2636 -3057.236407 3078.2364066 1005.3402425 -381.6363979 46.442792955 67.140000000 3.4472870253 45.620000000
 3640.6666667 290542.83761 7397458.5398 -3060.932151 3081.9321515 1011.6976142 -375.3602129 45.940791005 67.905174776 2.7769501120 45.117998050
 3650.3333333 290549.17435 7397464.9056 -3064.508162 3085.5081622 1018.0343519 -368.9944178 45.444208424 68.671865899 2.7769501120 44.621415469
 3660.0000000 290555.48891 7397471.3594 -3067.963567 3088.9635668 1024.3489102 -362.5405652 44.952792955 69.440000000 2.7769501120 44.130000000
 3669.3333333 290561.54272 7397477.6914 -3071.186665 3092.1866654 1030.4027166 -356.2086249 44.122084718 70.156249556 3.4028709368 43.299291763
 3678.6666667 290567.53154 7397484.1391 -3074.299723 3095.2997232 1036.3915386 -349.7608748 43.298858012 70.876310139 3.4028709368 42.476065057
 3688.0000000 290573.45333 7397490.7005 -3077.301677 3098.3016775 1042.3133314 -343.1995162 42.482792955 71.600000000 3.4028709368 41.660000000
 3698.0000000 290579.72249 7397497.8479 -3080.405700 3101.4057003 1048.5824925 -336.0520852 41.673809872 72.233420211 2.9888956761 40.851016916
 3708.0000000 290585.91242 7397505.1086 -3083.404168 3104.4041676 1054.7724249 -328.7914231 40.870552804 72.870136098 2.9888956761 40.047759849
 3718.0000000 290592.02126 7397512.4803 -3086.296173 3107.2961728 1060.8812573 -321.4197252 40.072792955 73.510000000 2.9888956761 39.250000000
 3727.6666667 290597.85587 7397519.7046 -3088.985688 3109.9856880 1066.7158697 -314.1954123 39.425236553 74.181458936 2.8404957101 38.602443597
 3737.3333333 290603.62790 7397527.0184 -3091.566053 3112.5660531 1072.4878989 -306.8815595 38.781972237 74.854824597 2.8404957101 37.959179281
 3747.0000000 290609.33587 7397534.4200 -3094.036609 3115.0366094 1078.1958721 -299.4800331 38.142792955 75.530000000 2.8404957101 37.320000000
 3756.3333333 290614.79323 7397541.6479 -3096.296204 3117.2962041 1083.6532282 -292.2520749 37.612140515 76.448917682 3.3856821090 36.789347560
 3765.6666667 290620.20456 7397548.9541 -3098.410191 3119.4101906 1089.0645639 -284.9458743 37.085577550 77.368946249 3.3856821090 36.262784594
 3775.0000000 290625.56805 7397556.3361 -3100.377854 3121.3778543 1094.4280503 -277.5639005 36.562792955 78.290000000 3.3856821090 35.740000000
 3784.6666667 290631.07705 7397564.0533 -3102.265696 3123.2656961 1099.9370479 -269.8467413 36.126939562 79.186077491 3.0811371957 35.304146607
 3794.3333333 290636.54367 7397571.8352 -3104.004993 3125.0049927 1105.4036738 -262.0648042 35.693683556 80.082762360 3.0811371957 34.870890601
 3804.0000000 290641.96629 7397579.6796 -3105.595222 3126.5952219 1110.8262866 -254.2204258 35.262792955 80.980000000 3.0811371957 34.440000000
 3813.3333333 290647.14190 7397587.3196 -3107.001172 3128.0011725 1116.0018973 -246.5804311 34.613842269 81.692317720 3.0813108015 33.791049314
 3822.6666667 290652.24006 7397595.0316 -3108.292222 3129.2922217 1121.1000602 -238.8684162 33.967245291 82.405682500 3.0813108015 33.144452336
 3832.0000000 290657.25935 7397602.8135 -3109.468008 3130.4680082 1126.1193482 -231.0865401 33.322792955 83.120000000 3.0813108015 32.500000000
 3841.6666667 290662.40748 7397610.9226 -3110.567054 3131.5670543 1131.2674780 -222.9774014 33.142332740 83.823275056 2.2523858399 32.319539785
 3851.3333333 290667.53689 7397619.0587 -3111.548132 3132.5481322 1136.3968865 -214.8413094 32.962351376 84.526610750 2.2523858399 32.139558421
 3861.0000000 290672.64675 7397627.2204 -3112.411085 3133.4110847 1141.5067505 -206.6795695 32.782792955 85.230000000 2.2523858399 31.960000000
 3875.5000000 290680.29595 7397639.4808 -3113.628826 3134.6288265 1149.1559455 -194.4192325 32.782792955 85.135000000 0.1965517241 31.960000000
 3890.0000000 290687.94406 7397651.7394 -3114.870524 3135.8705235 1156.8040615 -182.1606265 32.782792955 85.040000000 0.1965517241 31.960000000
 3904.0000000 290695.31691 7397663.5809 -3116.084620 3137.0846197 1164.1769063 -170.3190891 32.677797755 85.009991663 0.2331836765 31.855004800
 3918.0000000 290702.66770 7397675.4354 -3117.306019 3138.3060186 1171.5277023 -158.4646030 32.572792955 84.980000000 0.2331836765 31.750000000
 3932.5000000 290710.27086 7397687.7208 -3118.559062 3139.5590616 1179.1308583 -146.1792165 32.577793889 85.104999981 0.2588259979 31.755000934
 3947.0000000 290717.87651 7397700.0078 -3119.780586 3140.7805859 1186.7365078 -133.8921991 32.582792955 85.230000000 0.2588259979 31.760000000
 3956.6666667 290722.95599 7397708.2018 -3120.506214 3141.5062140 1191.8159947 -125.6982458 32.652933211 86.159994741 2.8943412226 31.830140256
 3966.3333333 290728.05105 7397716.3984 -3121.075293 3142.0752931 1196.9110454 -117.5015846 32.722920787 87.089995207 2.8943412226 31.900127832
 3976.0000000 290733.16031 7397724.5956 -3121.487672 3142.4876724 1202.0203099 -109.3043872 32.792792955 88.020000000 2.8943412226 31.970000000
 3979.0000000 290734.74779 7397727.1398 -3121.585045 3142.5850446 1203.6077866 -106.7601863 32.777791046 88.259999940 2.4046785905 31.954998091
 3982.0000000 290736.33480 7397729.6848 -3121.669856 3142.6698563 1205.1947991 -104.2152461 32.762792955 88.500000000 2.4046785905 31.940000000
 3993.0000000 290742.14441 7397739.0242 -3121.907420 3142.9074203 1211.0044059 -94.87580055 32.650259214 89.024996386 1.4643170271 31.827466259
 4004.0000000 290747.93656 7397748.3765 -3122.044207 3143.0442072 1216.7965646 -85.52350671 32.537760566 89.549996530 1.4643170271 31.714967611
 4015.0000000 290753.71077 7397757.7408 -3122.080205 3143.0802050 1222.5707669 -76.15918586 32.425278110 90.074998410 1.4643170271 31.602485155
 4026.0000000 290759.46651 7397767.1163 -3122.015410 3143.0154103 1228.3265054 -66.78366034 32.312792955 90.600000000 1.4643170271 31.490000000
 4040.0000000 290766.78629 7397779.0518 -3121.871249 3142.8712486 1235.6462903 -54.84820266 32.372793167 90.580000318 0.1355199335 31.550000212
 4054.0000000 290774.11860 7397790.9796 -3121.731974 3142.7319736 1242.9785962 -42.92037554 32.432792955 90.560000000 0.1355199335 31.610000000
 4063.6666667 290779.12706 7397799.2485 -3121.631296 3142.6312959 1247.9870630 -34.65150068 31.619483536 90.633465893 2.5342037465 30.796690580
 4073.3333333 290784.01758 7397807.5875 -3121.518235 3142.5182346 1252.8775825 -26.31248403 30.806151076 90.706804153 2.5342037465 29.983358121
 4083.0000000 290788.78916 7397815.9950 -3121.392813 3142.3928128 1257.6491612 -17.90501936 29.992792955 90.780000000 2.5342037465 29.170000000
 4097.5000000 290795.89273 7397828.6366 -3121.197951 3142.1979506 1264.7527259 -5.263422219 30.317794460 90.760012225 0.6736267432 29.495001505
 4112.0000000 290803.06792 7397841.2377 -3121.008149 3142.0081494 1271.9279170 7.3377354927 30.642792955 90.740000000 0.6736267432 29.820000000
 4121.3333333 290807.68085 7397849.3519 -3120.881361 3141.8813609 1276.5408525 15.451919595 30.239475491 90.816708398 1.3194989838 29.416682536
 4130.6666667 290812.23647 7397857.4982 -3120.742081 3141.7420814 1281.0964689 23.598218633 29.836142637 90.893376332 1.3194989838 29.013349682
 4140.0000000 290816.73453 7397865.6762 -3120.590318 3141.5903179 1285.5945323 31.776214436 29.432792955 90.970000000 1.3194989838 28.610000000
 4154.0000000 290823.43844 7397877.9669 -3120.365529 3141.3655291 1292.2984430 44.066945944 29.432792955 90.870000000 0.2142857143 28.610000000
 4168.0000000 290830.14253 7397890.2580 -3120.165172 3141.1651722 1299.0025318 56.358002353 29.432792955 90.770000000 0.2142857143 28.610000000
 4183.0000000 290837.35591 7397903.4103 -3119.950502 3140.9505025 1306.2159120 69.510333106 29.697785932 90.870009304 0.5664229458 28.874992976
 4198.0000000 290844.62985 7397916.5288 -3119.709656 3140.7096558 1313.4898538 82.628811877 29.962792955 90.970000000 0.5664229458 29.140000000
 4212.5000000 290851.68938 7397929.1940 -3119.456596 3140.4565959 1320.5493763 95.294043902 29.952793143 91.030000016 0.1258497091 29.130000188
 4227.0000000 290858.74656 7397941.8603 -3119.188354 3140.1883541 1327.6065559 107.96026845 29.942792955 91.090000000 0.1258497091 29.120000000
 4236.3333333 290863.31213 7397950.0004 -3119.019761 3140.0197614 1332.1721263 116.10044180 30.276147363 90.980031924 1.1281265798 29.453354408
 4245.6666667 290867.92513 7397958.1142 -3118.869082 3139.8690823 1336.7851300 124.21418138 30.609479879 90.870030683 1.1281265798 29.786686923
 4255.0000000 290872.58539 7397966.2012 -3118.736323 3139.7363226 1341.4453937 132.30118274 30.942792955 90.760000000 1.1281265798 30.120000000
 4264.6666667 290877.46736 7397974.5451 -3118.608661 3139.6086611 1346.3273600 140.64506286 31.366127579 90.753374335 1.3138434509 30.543334624
 4274.3333333 290882.41085 7397982.8527 -3118.482121 3139.4821209 1351.2708496 148.95265704 31.789460911 90.746707546 1.3138434509 30.966667956
 4284.0000000 290887.41559 7397991.1235 -3118.356709 3139.3567088 1356.2755926 157.22351174 32.212792955 90.740000000 1.3138434509 31.390000000
 4298.0000000 290894.74035 7398003.0554 -3118.173453 3139.1734526 1363.6003455 169.15535449 32.522791520 90.760011123 0.6656084357 31.699998565
 4312.0000000 290902.12951 7398014.9473 -3117.985310 3138.9853100 1370.9895146 181.04733609 32.832792955 90.780000000 0.6656084357 32.010000000
 4326.5000000 290909.83892 7398027.2288 -3117.787918 3138.7879184 1378.6989183 193.32881748 33.047792955 90.780005491 0.4447863669 32.225000000
 4341.0000000 290917.59435 7398039.4813 -3117.590527 3138.5905269 1386.4543538 205.58128227 33.262792955 90.780000000 0.4447863669 32.440000000
 4355.5000000 290925.35885 7398051.7280 -3117.389340 3138.3893401 1394.2188511 217.82795025 33.132793918 90.810002085 0.2760082280 32.310000962
 4370.0000000 290933.09548 7398063.9921 -3117.180562 3138.1805620 1401.9554849 230.09211201 33.002792955 90.840000000 0.2760082280 32.180000000
 4384.0000000 290940.55399 7398075.8406 -3116.981427 3137.9814266 1409.4139883 241.94056771 33.022793196 90.790000048 0.1153948738 32.200000241
 4398.0000000 290948.01672 7398087.6866 -3116.794507 3137.7945074 1416.8767174 253.78656081 33.042792955 90.740000000 0.1153948738 32.220000000
 4412.5000000 290955.72405 7398099.9695 -3116.606605 3137.6066052 1424.5840470 266.06948783 32.817793211 90.745005744 0.4655928266 31.995000255
 4427.0000000 290963.38307 7398112.2826 -3116.417438 3137.4174377 1432.2430740 278.38257173 32.592792955 90.750000000 0.4655928266 31.770000000
 4446.0000000 290973.33091 7398128.4715 -3116.174255 3137.1742551 1442.1909097 294.57148315 32.192787224 90.716701053 0.6337210820 31.369994269
 4465.0000000 290983.16556 7398144.7296 -3115.942120 3136.9421199 1452.0255556 310.82956556 31.792787313 90.683367178 0.6337210820 30.969994358
 4484.0000000 290992.88653 7398161.0560 -3115.721043 3136.7210433 1461.7465291 327.15602122 31.392792955 90.650000000 0.6337210820 30.570000000
 4498.5000000 291000.26758 7398173.5379 -3115.542632 3136.5426315 1469.1275767 339.63788527 31.447791555 90.760000350 0.2544446067 30.624998599
 4513.0000000 291007.66041 7398186.0123 -3115.336384 3136.3363841 1476.5204149 352.11233963 31.502792955 90.870000000 0.2544446067 30.680000000
 4527.5000000 291015.03902 7398198.4950 -3115.120647 3136.1206469 1483.8990249 364.59504981 31.317791308 90.835004352 0.3895083920 30.494998353
 4542.0000000 291022.37736 7398211.0016 -3114.913766 3135.9137662 1491.2373574 377.10162977 31.132792955 90.800000000 0.3895083920 30.310000000
 4556.5000000 291029.67095 7398223.5345 -3114.715109 3135.7151093 1498.5309523 389.63448153 30.907791372 90.770005937 0.4695952534 30.084998417
 4571.0000000 291036.91533 7398236.0960 -3114.524044 3135.5240439 1505.7753262 402.19596592 30.682792955 90.740000000 0.4695952534 29.860000000
 4585.0000000 291043.87011 7398248.2470 -3114.331016 3135.3310162 1512.7301127 414.34702184 30.532796794 90.840002878 0.3862801883 29.710003838
 4599.0000000 291050.79289 7398260.4159 -3114.113556 3135.1135564 1519.6528874 426.51593140 30.382792955 90.940000000 0.3862801883 29.560000000
 4613.5000000 291057.94027 7398273.0321 -3113.878209 3134.8782091 1526.8002685 439.13211582 30.327792647 90.920000424 0.1210693144 29.504999692
 4628.0000000 291065.07558 7398285.6552 -3113.647922 3134.6479225 1533.9355763 451.75522525 30.272792955 90.900000000 0.1210693144 29.450000000
 4642.0000000 291071.96322 7398297.8439 -3113.421912 3134.4219121 1540.8232151 463.94390467 30.312792376 90.950000231 0.1372024385 29.489999421
 4656.0000000 291078.85926 7398310.0276 -3113.183686 3134.1836862 1547.7192623 476.12759547 30.352792955 91.000000000 0.1372024385 29.530000000
 4670.5000000 291086.02304 7398322.6342 -3112.935054 3133.9350538 1554.8830428 488.73421303 30.507794550 90.965003530 0.3287193779 29.685001595
 4685.0000000 291093.22098 7398335.2215 -3112.695278 3133.6952777 1562.0809760 501.32153317 30.662792955 90.930000000 0.3287193779 29.840000000
 4699.0000000 291100.20989 7398347.3523 -3112.461937 3133.4619369 1569.0698919 513.45227434 30.877789746 90.980006898 0.4729430196 30.054996791
 4713.0000000 291107.24417 7398359.4565 -3112.216381 3133.2163805 1576.1041741 525.55652299 31.092792955 91.030000000 0.4729430196 30.270000000
 4727.5000000 291114.56303 7398371.9736 -3111.962055 3132.9620552 1583.4230272 538.07363525 31.182794299 90.980001209 0.2129892075 30.360001343
 4742.0000000 291121.90164 7398384.4794 -3111.720382 3132.7203818 1590.7616432 550.57942137 31.272792955 90.930000000 0.2129892075 30.450000000
 4756.0000000 291128.98467 7398396.5557 -3111.499257 3132.4992575 1597.8446690 562.65568869 31.157791414 90.880001772 0.2686862354 30.334998459
 4770.0000000 291136.04354 7398408.6463 -3111.290349 3132.2903490 1604.9035371 574.74630940 31.042792955 90.830000000 0.2686862354 30.220000000
 4784.5000000 291143.34901 7398421.1719 -3111.069552 3132.0695515 1612.2090102 587.27186888 31.107791415 90.915000589 0.2213785318 30.284998460
 4799.0000000 291150.66852 7398433.6888 -3110.827246 3131.8272456 1619.5285155 599.78883499 31.172792955 91.000000000 0.2213785318 30.350000000
 4813.5000000 291157.99669 7398446.2006 -3110.576716 3131.5767160 1626.8566887 612.30056806 31.187793045 90.980000034 0.0517214140 30.365000090
 4828.0000000 291165.32818 7398458.7105 -3110.331247 3131.3312472 1634.1881815 624.81045593 31.202792955 90.960000000 0.0517214140 30.380000000
 4842.0000000 291172.40478 7398470.7902 -3110.096686 3131.0966859 1641.2647773 636.89023817 31.167792955 90.960000179 0.0749894727 30.345000000
 4856.0000000 291179.47399 7398482.8743 -3109.862125 3130.8621246 1648.3339931 648.97434012 31.132792955 90.960000000 0.0749894727 30.310000000
 4870.5000000 291186.81747 7398495.3771 -3109.614757 3130.6147566 1655.6774707 661.47714527 31.367790462 90.995008368 0.4914972926 30.544997507
 4885.0000000 291194.21209 7398507.8496 -3109.358532 3130.3585323 1663.0720891 673.94959263 31.602792955 91.030000000 0.4914972926 30.780000000
 4899.0000000 291201.37695 7398519.8770 -3109.112977 3130.1129771 1670.2369487 685.97701080 31.607793030 90.980000004 0.1076770827 30.785000075
 4913.0000000 291208.54297 7398531.9040 -3108.879637 3129.8796374 1677.4029654 698.00398233 31.612792955 90.930000000 0.1076770827 30.790000000
 4927.5000000 291215.94047 7398544.3751 -3108.642391 3129.6423910 1684.8004718 710.47509134 31.382793948 90.945007613 0.4768083975 30.560000993
 4942.0000000 291223.28783 7398556.8757 -3108.401349 3129.4013490 1692.1478254 722.97574035 31.152792955 90.960000000 0.4768083975 30.330000000
 4951.6666667 291228.19938 7398565.2016 -3108.240229 3129.2402287 1697.0593773 731.30163994 31.566128671 90.950049260 1.2829595414 30.743335716
 4961.3333333 291233.17088 7398573.4919 -3108.080791 3129.0807911 1702.0308790 739.59191451 31.979462000 90.940049087 1.2829595414 31.156669044
 4971.0000000 291238.20207 7398581.7461 -3107.923045 3128.9230446 1707.0620715 747.84613251 32.392792955 90.930000000 1.2829595414 31.570000000
 4980.3333333 291243.05511 7398589.7185 -3107.768021 3128.7680211 1711.9151114 755.81850169 31.912805478 90.973402650 1.5488995465 31.090012522
 4989.6666667 291247.84113 7398597.7311 -3107.605934 3128.6059341 1716.7011321 763.83114337 31.432805654 91.016736997 1.5488995465 30.610012699
 4999.0000000 291252.55980 7398605.7835 -3107.436795 3128.4367948 1721.4197951 771.88349080 30.952792955 91.060000000 1.5488995465 30.130000000
 5013.5000000 291259.80253 7398618.3446 -3107.174876 3128.1748760 1728.6625307 784.44461082 30.627787955 91.010016245 0.6802214749 29.804995000
 5028.0000000 291266.97401 7398630.9468 -3106.925609 3127.9256089 1735.8340102 797.04680459 30.302792955 90.960000000 0.6802214749 29.480000000
 5042.5000000 291274.07453 7398643.5893 -3106.686464 3127.6864636 1742.9345277 809.68931284 29.982790235 90.930014502 0.6648852194 29.159997280
 5057.0000000 291281.10439 7398656.2714 -3106.454909 3127.4549094 1749.9643860 822.37138734 29.662792955 90.900000000 0.6648852194 28.840000000
 5071.5000000 291288.10155 7398668.9715 -3106.218930 3127.2189295 1756.9615480 835.07146943 29.687792477 90.965000092 0.1440841380 28.864999522
 5086.0000000 291295.10412 7398681.6683 -3105.966502 3126.9665022 1763.9641177 847.76825367 29.712792955 91.030000000 0.1440841380 28.890000000
 5100.0000000 291301.85290 7398693.9340 -3105.720947 3126.7209465 1770.7128967 860.03396532 29.572790865 90.980002925 0.3185172548 28.749997910
 5114.0000000 291308.57179 7398706.2163 -3105.487606 3126.4876063 1777.4317856 872.31631320 29.432792955 90.930000000 0.3185172548 28.610000000
 5123.3333333 291313.10831 7398714.3729 -3105.334465 3126.3344651 1781.9683062 880.47288777 30.376115265 90.950259341 3.0323985201 29.553322310
 5132.6666667 291317.77847 7398722.4536 -3105.178045 3126.1780450 1786.6384702 888.55362270 31.319448570 90.970261149 3.0323985201 30.496655615
 5142.0000000 291322.58101 7398730.4563 -3105.018388 3126.0183884 1791.4410114 896.55632719 32.262792955 90.990000000 3.0323985201 31.440000000
 5157.0000000 291330.44587 7398743.2291 -3104.769687 3125.7696872 1799.3058672 909.32908900 32.627801050 90.910018462 0.7472384071 31.805008095
 5172.0000000 291338.39211 7398755.9518 -3104.541927 3125.5419273 1807.2521079 922.05177044 32.992792955 90.830000000 0.7472384071 32.170000000
 5186.0000000 291345.81489 7398767.8225 -3104.338514 3125.3385144 1814.6748914 933.92251049 32.687793343 90.835011829 0.6535898488 31.865000388
 5200.0000000 291353.17437 7398779.7326 -3104.133880 3125.1338799 1822.0343703 945.83257947 32.382792955 90.840000000 0.6535898488 31.560000000
 5207.2500000 291356.92103 7398785.9397 -3104.036276 3125.0362757 1825.7810261 952.03974814 31.492724645 90.702721150 3.7262594387 30.669931690
 5214.5000000 291360.57092 7398792.2046 -3103.956052 3124.9560521 1829.4309182 958.30455063 30.602708677 90.565272747 3.7262594387 29.779915722
 5221.7500000 291364.12314 7398798.5254 -3103.893229 3124.8932288 1832.9831449 964.62543943 29.712734858 90.427687963 3.7262594387 28.889941903
 5229.0000000 291367.57683 7398804.9009 -3103.847821 3124.8478214 1836.4368289 971.00085320 28.822792955 90.290000000 3.7262594387 28.000000000
 5238.3333333 291371.98208 7398813.1303 -3103.779403 3124.7794034 1840.8420767 979.23030250 29.142760681 90.550019858 1.3252215632 28.319967726
 5247.6666667 291376.43302 7398821.3347 -3103.668632 3124.6686321 1845.2930210 987.43466377 29.462756287 90.810022562 1.3252215632 28.639963332
 5257.0000000 291380.92943 7398829.5135 -3103.515513 3124.5155133 1849.7894312 995.61351220 29.782792955 91.070000000 1.3252215632 28.960000000
 5268.5000000 291386.52091 7398839.5624 -3103.311297 3124.3112973 1855.3809079 1005.6623830 30.047801135 90.965010320 0.7435011554 29.225008180
 5280.0000000 291392.15898 7398849.5856 -3103.128153 3124.1281532 1861.0189763 1015.6855940 30.312792955 90.860000000 0.7435011554 29.490000000
 5287.0000000 291395.60523 7398855.6786 -3103.018813 3124.0188128 1864.4652292 1021.7786112 30.317792856 90.930000004 0.3007641310 29.494999901
 5294.0000000 291399.05195 7398861.7712 -3102.900921 3123.9009214 1867.9119456 1027.8712066 30.322792955 91.000000000 0.3007641310 29.500000000
