# WELL TRACE FROM PETREL 
# WELL NAME:              7-PPT-22HP-RJS
# DEFINITIVE SURVEY:      Explicit survey 1
# WELL HEAD X-COORDINATE: 286520.62000000 (m)
# WELL HEAD Y-COORDINATE: 7397198.74000000 (m)
# WELL DATUM (KB, Kelly bushing, from MSL): 17.00000000 (m)
# WELL TYPE:              OIL
# MD AND TVD ARE REFERENCED (=0) AT WELL DATUM AND INCREASE DOWNWARDS
# ANGLES ARE GIVEN IN DEGREES
# XYZ TRACE IS GIVEN IN COORDINATE SYSTEM BRAZIL SIRGAS 2000 (WGS84) UTM24S CM 39W (Brazil SIRGAS 2000 (WGS84) UTM24S Lon range 42W - 36W) [Chevron,720787]
# AZIM_TN: azimuth in True North 
# AZIM_GN: azimuth in Grid North 
# DX DY ARE GIVEN IN GRID NORTH IN m-UNITS
# DEPTH (Z, tvd_z) GIVEN IN m-UNITS
#===============================================================================================================================================
      MD            X            Y            Z           TVD           DX          DY        AZIM_TN        INCL         DLS        AZIM_GN
#===============================================================================================================================================
 0.0000000000 286520.62000 7397198.7400 17.000000000 0.0000000000 -0.000000003 -0.000000005 0.8347798393 0.0000000000 0.0000000000 0.0000000000
 1171.0000000 286520.62000 7397198.7400 -1154.000000 1171.0000000 -0.000000003 -0.000000005 0.8347798393 0.0000000000 0.0000000000 0.0000000000
 1194.0000000 286520.65085 7397198.8334 -1176.999720 1193.9997196 0.0308531822 0.0934007559 19.114781035 0.4900000122 0.6391304507 18.280001195
 1211.0000000 286520.67153 7397198.9603 -1193.999227 1210.9992265 0.0515270733 0.2202632017 358.72480445 0.3899999863 0.3251423415 357.89002461
 1240.3100586 286520.65500 7397199.0378 -1223.309093 1240.3090930 0.0349970266 0.2978484947 211.00478386 0.0999999992 0.4887815160 210.17000402
 1269.3199463 286520.67598 7397199.0269 -1252.318952 1269.3189525 0.0559793562 0.2869300488 72.804783063 0.1400000016 0.2323304547 71.970003223
 1298.4000244 286520.77269 7397199.0461 -1281.398859 1298.3988586 0.1526942254 0.3060897719 83.444782748 0.2499999981 0.1189896207 82.610002909
 1326.6700439 286520.90470 7397199.0829 -1309.668543 1326.6685429 0.2846971360 0.3429001793 68.654781421 0.3100000083 0.0991830061 67.820001582
 1355.0000000 286520.98397 7397199.1631 -1337.998249 1354.9982486 0.3639702408 0.4230970014 10.024779675 0.2099999957 0.2849783843 9.1899998361
 1384.0000000 286521.04542 7397199.3106 -1366.997786 1383.9977865 0.4254244337 0.5706498995 29.954781489 0.4300000020 0.2517347059 29.120001650
 1414.0000000 286521.21190 7397199.4466 -1396.996978 1413.9969784 0.5919026922 0.7065532990 72.254779996 0.4499999698 0.3180582177 71.420000156
 1442.0000000 286521.42259 7397199.5309 -1424.996058 1441.9960578 0.8025862646 0.7908899328 65.984783178 0.4799999749 0.0632419340 65.150003339
 1470.0000000 286521.63921 7397199.6614 -1452.994910 1469.9949101 1.0192104169 0.9213594943 54.454780263 0.5600000063 0.1407140529 53.620000424
 1499.0000000 286521.85609 7397199.8356 -1481.993575 1498.9935755 1.2360878249 1.0955508854 49.584781196 0.5400000385 0.0525791004 48.750001357
 1528.0000000 286522.11036 7397200.0223 -1510.991846 1527.9918460 1.4903613965 1.2823056187 58.304782659 0.7099999785 0.2010281380 57.470002820
 1556.0000000 286522.32735 7397200.3057 -1538.989482 1555.9894817 1.7073524267 1.5657225735 21.234780026 0.8299999989 0.5384743330 20.400000186
 1585.0000000 286522.42748 7397200.6982 -1567.986641 1584.9866414 1.8074753370 1.9582067020 8.6647799809 0.7799999726 0.1894353586 7.8300001416
 1614.0000000 286522.45090 7397201.0608 -1596.984356 1613.9843557 1.8309018252 2.3208046220 359.64478738 0.6600000056 0.1703968593 358.81000754
 1644.0000000 286522.49980 7397201.4337 -1626.981978 1643.9819779 1.8798024718 2.6936578741 15.534780058 0.7900000099 0.2382104375 14.700000218
 1672.0000000 286522.58147 7397201.8057 -1654.979386 1671.9793861 1.9614683199 3.0657101711 10.834780118 0.7699999887 0.0717993352 10.000000278
 1712.0000000 286522.67859 7397202.3699 -1694.975285 1711.9752847 2.0585906124 3.6299498426 10.394780525 0.8699999879 0.0751479922 9.5600006856
 1741.0000000 286522.73715 7397202.8062 -1723.971944 1740.9719440 2.1171466422 4.0661929380 6.5647800178 0.8699999879 0.0601479972 5.7300001785
 1781.0000000 286522.84824 7397203.3758 -1763.967720 1780.9677202 2.2282409822 4.6357557271 17.644779773 0.7999999938 0.1317212885 16.809999934
 1815.0000000 286522.99306 7397203.8683 -1797.963838 1814.9638384 2.3730557221 5.1282598004 16.854780743 0.9300000515 0.1151848987 16.020000904
 1844.0000000 286523.12040 7397204.3502 -1826.959550 1843.9595498 2.5004019858 5.6102287751 14.544780259 1.0399999279 0.1209582422 13.710000420
 1875.0000000 286523.25586 7397204.8992 -1857.954394 1874.9543939 2.6358645721 6.1592214042 14.844780458 1.0499999652 0.0110312051 14.010000619
 1904.0000000 286523.37534 7397205.4506 -1886.948900 1903.9488997 2.7553441892 6.7105897451 11.474780479 1.1799999162 0.1505680502 10.640000639
 1932.0000000 286523.47367 7397206.0657 -1914.941957 1931.9419574 2.8536725304 7.3257143572 8.5747798258 1.3699999841 0.2149274030 7.7399999865
 1963.0000000 286523.56806 7397206.8663 -1945.931455 1962.9314548 2.9480604304 8.1262690015 6.6947801359 1.6100000249 0.2369960653 5.8600002966
 1991.0000000 286523.62044 7397207.6484 -1973.920479 1990.9204789 3.0004392007 8.9083988527 2.6247798510 1.5999999876 0.1225815872 1.7900000117
 2019.0000000 286523.62247 7397208.3885 -2001.910687 2018.9106868 3.0024680176 9.6484625489 359.16477638 1.4299998875 0.2067589570 358.32999654
 2050.0000000 286523.60018 7397209.1484 -2032.901366 2049.9013658 2.9801826534 10.408361629 359.14478737 1.3800000213 0.0483892912 358.31000753
 2077.0000000 286523.59324 7397209.8103 -2059.893249 2076.8932494 2.9732391166 11.070341987 1.2847798399 1.4299998875 0.0805232879 0.4500000006
 2106.0000000 286523.59303 7397210.5443 -2088.883963 2105.8839631 2.9730298643 11.804270491 0.3647886234 1.4700000366 0.0478760461 359.53000878
 2122.0000000 286523.59679 7397210.9603 -2104.878554 2121.8785538 2.9767918932 12.220300667 2.3147798995 1.5099999723 0.1210826190 1.4800000603
 2155.0000000 286523.61351 7397211.4668 -2137.873998 2154.8739976 2.9935110706 12.726842318 5.2047798465 0.2499999981 1.1458008597 4.3700000072
 2167.5000000 286523.63376 7397211.5097 -2150.373902 2167.3739024 3.0137616021 12.769718498 50.044780293 0.2199999930 0.4353284902 49.210000454
 2181.6000977 286523.67799 7397211.4760 -2164.473834 2181.4738339 3.0579876248 12.736008137 156.05478538 0.4600000071 1.1956947844 155.22000554
 2197.8999023 286523.77661 7397211.2967 -2180.772298 2197.7722977 3.1566147645 12.556728154 150.12477728 0.9800000244 0.9655667923 149.28999744
 2229.3999023 286523.77309 7397210.7457 -2212.267028 2229.2670280 3.1530908407 12.005724427 204.67478185 1.2699999315 1.0121613817 203.84000201
 2256.3999023 286523.52281 7397210.1995 -2239.260344 2256.2603439 2.9028077406 11.459513312 206.22478494 1.2799999687 0.0398983444 205.39000511
 2285.6000977 286523.32737 7397209.6093 -2268.453881 2285.4538809 2.7073670708 10.869288456 191.48477904 1.1799999162 0.3398139706 190.64999920
 2306.0000000 286523.27947 7397209.2232 -2288.850062 2305.8500617 2.6594747189 10.483226370 183.72478432 1.0100000295 0.3312121574 182.89000448
 2331.0000000 286523.29088 7397208.8300 -2313.846946 2330.8469457 2.6708760432 10.090035701 173.42478098 0.7999999938 0.3178067907 172.59000114
 2342.0000000 286523.32791 7397208.6830 -2324.845897 2341.8458966 2.7079122486 9.9430465708 159.87477755 0.7900000099 0.5122641623 159.03999771
 2371.0000000 286523.52654 7397208.3729 -2353.843518 2370.8435177 2.9065445588 9.6328910328 134.99478723 0.6999999946 0.3442532037 134.16000740
 2397.0000000 286523.80812 7397208.2216 -2379.841504 2396.8415037 3.1881207692 9.4816451967 104.44478333 0.7600000048 0.4488013513 103.61000349
 2426.0000000 286524.26045 7397208.1907 -2408.837905 2425.8379048 3.6404504025 9.4507056046 87.744785920 1.0499999652 0.4025320013 86.910006081
 2432.8999023 286524.38618 7397208.1964 -2415.736660 2432.7366596 3.7661767084 9.4563652314 88.774784728 1.0399999279 0.0925243765 87.940004889
 2461.3999023 286524.93051 7397208.2170 -2444.231451 2461.2314507 4.3105141959 9.4769936604 88.564785638 1.1500000178 0.1158664064 87.730005798
 2491.5000000 286525.51591 7397208.2186 -2474.325853 2491.3258525 4.8959075463 9.4786125496 92.924778740 1.0800000770 0.1095779527 92.089998901
 2521.5000000 286526.57329 7397208.2090 -2504.305869 2521.3058685 5.9532945593 9.4689751845 90.784779291 2.9599999344 1.8811850295 89.949999451
 2550.3000488 286528.79216 7397208.2580 -2533.017169 2550.0171690 8.1721574846 9.5180388447 88.954785038 5.8800001466 3.0448211581 88.120005199
 2577.8000488 286532.33102 7397208.4794 -2560.284354 2577.2843542 11.711017210 9.7394216275 86.134785265 8.9399995999 3.3606789089 85.300005425
 2607.8000488 286537.76869 7397209.0810 -2589.777548 2606.7775480 17.148693041 10.340957902 83.324779999 12.079999778 3.1806407250 82.490000159
 2622.1999512 286540.94593 7397209.5310 -2603.814984 2620.8149841 20.325929445 10.790971383 82.284779054 13.670000369 3.3473900433 81.449999215
 2650.3000488 286548.20160 7397210.7379 -2630.932259 2647.9322595 27.581596576 11.997858047 80.654781755 16.679999849 3.2453283085 79.820001916
 2665.0000000 286552.54118 7397211.5424 -2644.953733 2661.9537327 31.921178699 12.802432359 80.034778991 18.260000189 3.2467539398 79.199999152
 2690.8000488 286561.09873 7397213.1998 -2669.234168 2686.2341683 40.478730016 14.459780931 79.734783561 21.229998667 3.4554792685 78.900003721
 2720.0000000 286572.21350 7397215.3729 -2696.145122 2713.1451222 51.593501947 16.632895669 79.804783258 24.409999848 3.2672484760 78.970003418
 2748.0000000 286584.22944 7397217.6681 -2721.328835 2738.3288353 63.609440569 18.928096660 80.214779302 27.399998827 3.2092956914 79.379999462
 2766.0000000 286592.63980 7397219.2804 -2737.160969 2754.1609692 72.019803738 20.540415722 79.764782341 29.409998849 3.3689226706 78.930002502
 2778.0000000 286598.53493 7397220.4354 -2747.549401 2764.5494010 77.914926237 21.695419334 79.734783561 30.659998599 3.1252247361 78.900003721
 2806.0000000 286613.15128 7397223.3527 -2771.250535 2788.2505352 92.531282619 24.612735877 79.374782940 33.659998683 3.2208233068 78.540003101
 2836.0000000 286630.05563 7397226.7622 -2795.797014 2812.7970142 109.43563071 28.022183985 79.484783554 36.509997567 2.8506991249 78.650003715
 2867.0000000 286648.45739 7397230.4338 -2820.474042 2837.4740415 127.83738940 31.693838472 79.614780811 37.979997710 1.4246162101 78.780000972
 2886.0000000 286660.26458 7397232.7716 -2835.174645 2852.1746452 139.64458083 34.031601882 79.654781727 40.630001825 4.1844081054 78.820001888
 2895.0000000 286666.07117 7397233.9555 -2841.948898 2858.9488975 145.45117253 35.215466269 78.974781403 41.720000979 3.9278063179 78.140001564
 2913.0000000 286678.06166 7397236.4612 -2855.138047 2872.1380466 157.44166081 37.721237075 79.084782017 44.040001089 3.8686775806 78.250002178
 2925.0000000 286686.33569 7397238.1807 -2863.658572 2880.6585722 165.71569396 39.440711010 79.104778660 45.479999626 3.6001684019 78.269998821
 2954.0000000 286707.21687 7397242.6518 -2883.275020 2900.2750201 186.59686879 43.911815315 78.414783829 49.369997264 4.0582723584 77.580003990
 2982.0000000 286728.53503 7397247.3247 -2900.813107 2917.8131074 207.91503446 48.584706914 78.524784443 53.049997321 3.9439261386 77.690004603
 3010.0000000 286750.86015 7397252.2506 -2916.976848 2933.9768475 230.24015289 53.510641593 78.264782299 56.419998997 3.6178678889 77.430002460
 3041.0000000 286776.53800 7397257.9906 -2933.367640 2950.3676402 255.91799823 59.250564419 78.204784739 59.729997462 3.2036031395 77.370004900
 3070.0000000 286801.31367 7397263.6136 -2947.352584 2964.3525836 280.69367055 64.873600845 77.894779542 62.599995139 2.9822195824 77.059999703
 3098.0000000 286825.86071 7397269.1829 -2959.619165 2976.6191646 305.24070763 70.442942191 78.204784739 65.430002060 3.0468096275 77.370004900
 3126.0000000 286850.95736 7397274.8088 -2970.691279 2987.6912789 330.33735637 76.068816771 78.194782602 67.980005375 2.7321641350 77.360002763
 3157.0000000 286879.23060 7397281.1363 -2981.724112 2998.7241122 358.61060388 82.396293152 78.244785656 70.320000864 2.2649631521 77.410005816
 3183.0000000 286903.31693 7397286.4736 -2989.936785 3006.9367854 382.69692762 87.733576590 78.434780473 72.849998555 2.9266272313 77.600000634
 3213.0000000 286931.46454 7397292.7477 -2998.212934 3015.2129344 410.84453636 94.007731389 78.104778633 75.120005096 2.2920570427 77.269998793
 3242.0000000 286958.82128 7397299.0033 -3005.542530 3022.5425299 438.20128231 100.26328039 77.804783202 75.599996640 0.5802696915 76.970003363
 3271.0000000 286986.17707 7397305.3792 -3012.771700 3029.7716995 465.55707133 106.63921433 77.624782892 75.530000861 0.1943234768 76.790003052
 3300.0000000 287013.49027 7397311.9239 -3020.010715 3037.0107147 492.87027204 113.18392088 77.094784098 75.559999052 0.5318244699 76.260004258
 3329.0000000 287040.78230 7397318.5568 -3027.249686 3044.2496859 520.16229553 119.81680062 77.254780135 75.530000861 0.1632503172 76.420000296
 3357.0000000 287067.15048 7397324.8921 -3034.236670 3051.2366703 546.53048306 126.15208880 77.394779528 75.569998449 0.1514440641 76.559999689
 3385.0000000 287093.52804 7397331.1883 -3041.223652 3058.2236516 572.90804281 132.44825589 77.424778308 75.530000861 0.0529647511 76.589998469
 3413.0000000 287119.92029 7397337.4198 -3048.213009 3065.2130092 599.30028924 138.67980018 77.674778315 75.559999052 0.2613616369 76.839998476
 3443.0000000 287148.21907 7397344.0963 -3055.620446 3072.6204456 627.59906771 145.35632761 77.444782582 75.849995224 0.3657467212 76.610002742
 3461.0000000 287165.22143 7397348.2365 -3059.846863 3076.8468634 644.60142943 149.49654983 76.854778598 76.989994777 2.1268775517 76.019998759
 3472.0000000 287175.61413 7397350.9137 -3062.267085 3079.2670852 654.99413264 152.17374243 75.924778267 77.589992745 2.9663665944 75.089998427
 3487.0000000 287189.77260 7397354.7966 -3065.352472 3082.3524724 669.15259884 156.05656978 75.074779769 78.669995917 2.7263985747 74.239999930
 3502.0000000 287203.93495 7397358.8617 -3068.174748 3085.1747484 683.31494795 160.12166805 74.564785248 79.639998892 2.1833788017 73.730005409
 3517.0000000 287218.08552 7397363.1112 -3070.775636 3087.7756358 697.46552256 164.37120663 73.674778204 80.390001474 2.3071971884 72.839998365
 3533.0000000 287233.09622 7397368.0352 -3073.321554 3090.3215541 712.47622346 169.29522166 71.674778148 81.300001238 4.0764512823 70.839998309
 3548.0000000 287247.02689 7397373.1693 -3075.470278 3092.4702780 726.40689328 174.42932643 69.534778699 82.229999795 4.6261972673 68.699998860
 3561.0000000 287258.97670 7397378.0292 -3077.088434 3094.0884341 738.35670463 179.28919244 67.874782620 83.470000148 4.7576445450 67.040002781
 3575.0000000 287271.73883 7397383.6103 -3078.510541 3095.5105412 751.11882909 184.87033657 66.554782889 84.870004513 4.1131384040 65.720003050
 3590.0000000 287285.31247 7397389.8910 -3079.678302 3096.6783016 764.69247370 191.15099350 65.454784384 86.199999439 3.4476047638 64.620004545
 3602.0000000 287296.10736 7397395.0897 -3080.374297 3097.3742968 775.48735593 196.34972363 64.784782382 87.150003620 2.9046193480 63.950002543
 3618.0000000 287310.42489 7397402.2048 -3081.049890 3098.0498902 789.80489027 203.46481517 64.034782361 88.009999569 2.1387164054 63.200002522
 3648.0000000 287337.06747 7397415.9885 -3081.665075 3098.6650751 816.44747468 217.24853938 62.924781720 89.639996894 1.9719004567 62.090001880
 3677.0000000 287362.60740 7397429.7346 -3081.768837 3098.7688372 841.98740187 230.99458560 62.164783377 89.949998690 0.8490890494 61.330003538
 3694.0000000 287377.50910 7397437.9218 -3081.795540 3098.7955404 856.88910162 239.18176005 61.934780014 89.870003514 0.4297362695 61.100000174
 3724.0000000 287403.76313 7397452.4476 -3081.895024 3098.8950239 883.14313218 253.70761735 61.824783215 89.749997090 0.1627903559 60.990003376
 3754.0000000 287429.87084 7397467.2306 -3082.211803 3099.2118026 909.25083886 268.49061054 60.804782729 89.039998926 1.2427264650 59.970002890
 3783.0000000 287454.82840 7397482.0022 -3082.604066 3099.6040659 934.20839723 283.26219523 59.624782391 89.410003934 1.2791850593 58.790002552
 3811.0000000 287478.88005 7397496.3455 -3082.716466 3099.7164662 958.26004909 297.60549054 60.424781650 90.129994665 1.1531512166 59.590001811
 3840.0000000 287504.03870 7397510.7773 -3082.653197 3099.6531968 983.41869960 312.03726514 61.564781071 90.120002098 1.1793522421 60.730001232
 3870.0000000 287530.26481 7397525.3535 -3082.582510 3099.5825101 1009.6448060 326.61349377 61.974780930 90.150000289 0.4110946832 61.140001091
 3899.0000000 287555.55102 7397539.5608 -3082.506587 3099.5065865 1034.9310204 340.82081037 61.034782277 90.150000289 0.9724090670 60.200002438
 3928.0000000 287580.56347 7397554.2443 -3082.430662 3099.4306617 1059.9434740 355.50427007 59.804782701 90.150000289 1.2724089943 58.970002862
 3957.0000000 287605.73068 7397568.6576 -3082.377509 3099.3775085 1085.1106823 369.91759988 62.264781854 90.059998886 2.5465247734 61.430002015
 3986.0000000 287631.27920 7397582.3881 -3082.331955 3099.3319547 1110.6591981 383.64811930 62.894782940 90.120002098 0.6546737340 62.060003100
 4013.0000000 287655.18191 7397594.9532 -3082.268337 3099.2683367 1134.5619114 396.21323015 63.314781120 90.150000289 0.4678521712 62.480001281
 4044.0000000 287682.75917 7397609.1229 -3082.187178 3099.1871780 1162.1391711 410.38289921 63.964782664 90.150000289 0.6290315965 63.130002825
 4075.0000000 287710.40183 7397623.1649 -3082.114135 3099.1141353 1189.7818299 424.42494692 63.844779914 90.120002098 0.1197049097 63.010000075
 4103.0000000 287735.29696 7397635.9895 -3082.048161 3099.0481609 1214.6769617 437.24945933 63.314781120 90.150000289 0.5687631390 62.480001281
 4131.0000000 287760.08128 7397649.0263 -3082.148342 3099.1483419 1239.4612830 450.28628304 62.864780345 89.440002125 0.9006330092 62.030000505
 4162.0000000 287787.31293 7397663.8394 -3082.659625 3099.6596254 1266.6929324 465.09944164 61.714782602 88.670000749 1.3392014439 60.880002762
 4190.0000000 287811.77811 7397677.4621 -3082.938166 3099.9381659 1291.1581069 478.72209437 61.734783060 90.190004707 1.6287166248 60.900003221
 4218.0000000 287836.27127 7397691.0388 -3082.901513 3099.9015133 1315.6512676 492.29879214 61.934780014 89.959998087 0.3265690816 61.100000174
 4248.0000000 287862.41728 7397705.7562 -3083.090013 3100.0900126 1341.7972755 507.01618208 60.984783039 89.319995701 1.1454485108 60.150003200
 4277.0000000 287887.56984 7397720.1903 -3083.598661 3100.5986608 1366.9498425 521.45026439 60.984783039 88.670000749 0.6724085714 60.150003200
 4307.0000000 287913.69265 7397734.9277 -3084.415386 3101.4153859 1393.0726511 536.18766627 61.824783215 88.210001168 0.9574304992 60.990003376
 4335.0000000 287938.05924 7397748.7108 -3085.131254 3102.1312542 1417.4392395 549.97075783 60.854781967 88.860002951 1.2507659144 60.020002128
 4364.0000000 287963.19414 7397763.1755 -3085.647496 3102.6474956 1442.5741423 564.43554476 60.974780902 89.099995308 0.2775644507 60.140001063
 4392.0000000 287987.55135 7397776.9870 -3086.101965 3103.1019651 1466.9313547 578.24697879 61.584781530 89.039998926 0.6566399884 60.750001691
 4422.0000000 288013.79915 7397791.5153 -3086.604601 3103.6046011 1493.1791515 592.77531028 62.154781240 89.039998926 0.5699197022 61.320001401
 4451.0000000 288039.23073 7397805.4530 -3087.090479 3104.0904787 1518.6107264 606.71301192 62.064781085 89.039998926 0.0930905402 61.230001246
 4480.0000000 288064.76554 7397819.1991 -3087.599141 3104.5991413 1544.1455449 620.45911738 63.014781875 88.949997523 0.9870092725 62.180002035
 4510.0000000 288091.44483 7397832.9162 -3088.148911 3105.1489113 1570.8248333 634.17618315 64.234783129 88.949997523 1.2197963886 63.400003290
 4538.0000000 288116.28678 7397845.8314 -3088.654719 3105.6547190 1595.6667790 647.09144863 62.494781403 88.980002544 1.8642605674 61.660001563
 4567.0000000 288141.86770 7397859.4960 -3089.036847 3106.0368467 1621.2476962 660.75600278 62.954780500 89.510004733 0.7259557780 62.120000661
 4588.0000000 288160.61364 7397868.9631 -3089.251282 3106.2512821 1639.9936431 670.22313326 65.124782544 89.319995701 3.1117017631 64.290002705
 4605.0000000 288175.93259 7397876.3372 -3089.456005 3106.4560049 1655.3125884 677.59722297 65.134779839 89.300000000 0.0394505309 64.300000000
