# WELL TRACE FROM PETREL 
# WELL NAME:              8-PPT-10D-RJS
# DEFINITIVE SURVEY:      Explicit survey 1
# WELL HEAD X-COORDINATE: 287113.96000000 (m)
# WELL HEAD Y-COORDINATE: 7394144.66000000 (m)
# WELL DATUM (KB, Kelly bushing, from MSL): 17.00000000 (m)
# WELL TYPE:              INJECTION WATER
# MD AND TVD ARE REFERENCED (=0) AT WELL DATUM AND INCREASE DOWNWARDS
# ANGLES ARE GIVEN IN DEGREES
# XYZ TRACE IS GIVEN IN COORDINATE SYSTEM BRAZIL SIRGAS 2000 (WGS84) UTM24S CM 39W (Brazil SIRGAS 2000 (WGS84) UTM24S Lon range 42W - 36W) [Chevron,720787]
# AZIM_TN: azimuth in True North 
# AZIM_GN: azimuth in Grid North 
# DX DY ARE GIVEN IN GRID NORTH IN m-UNITS
# DEPTH (Z, tvd_z) GIVEN IN m-UNITS
#===============================================================================================================================================
      MD            X            Y            Z           TVD           DX          DY        AZIM_TN        INCL         DLS        AZIM_GN
#===============================================================================================================================================
 0.0000000000 287113.96000 7394144.6600 17.000000000 0.0000000000 -0.000000001 0.0000000056 0.8335556310 0.0000000000 0.0000000000 360.00000000
 1240.0000000 287118.86596 7394137.0064 -1222.955580 1239.9555799 4.9059637613 -7.653571604 148.17355607 0.8399999828 0.0203225802 147.34000044
 1267.0000000 287119.11218 7394136.6799 -1249.952477 1266.9524773 5.1521753612 -7.980061202 139.74356316 0.8999999397 0.1568785311 138.91000753
 1297.0000000 287119.41428 7394136.3320 -1279.948938 1296.9489384 5.4542763515 -8.328042822 140.00355767 0.8600000040 0.0401986469 139.17000204
 1326.0000000 287119.67506 7394136.0605 -1308.946474 1325.9464736 5.7150557339 -8.599482898 132.85356358 0.6300000005 0.2561800579 132.02000795
 1354.0000000 287119.87185 7394135.8391 -1336.944900 1353.9449000 5.9118461892 -8.820852899 145.97355906 0.5899999581 0.1552809823 145.14000343
 1383.0000000 287120.07721 7394135.5663 -1365.942878 1382.9428783 6.1172114622 -9.093722969 142.23355346 0.7600000048 0.1815799533 141.39999783
 1412.0000000 287120.17312 7394135.4082 -1394.942053 1411.9420529 6.2131217659 -9.251792450 253.04356936 0.0999999992 0.8286204258 252.21001373
 1441.0000000 287120.17173 7394135.4023 -1423.942039 1440.9420392 6.2117313519 -9.257746405 86.353554654 0.0900000020 0.1952310379 85.519999023
 1471.0000000 287120.17742 7394135.4084 -1453.942028 1470.9420285 6.2174176478 -9.251564672 284.53357573 0.0700000008 0.1580222132 283.70002010
 1498.0000000 287120.13431 7394135.4267 -1480.941987 1497.9419865 6.1743064633 -9.233341479 298.69354927 0.1299999910 0.0716040061 297.85999364
 1528.0000000 287120.12248 7394135.4411 -1510.941966 1527.9419661 6.1624787444 -9.218949053 95.573556131 0.0700000008 0.1963116249 94.740000500
 1557.0000000 287120.15539 7394135.4565 -1539.941941 1556.9419413 6.1953908010 -9.203494830 42.873557716 0.0900000020 0.0757686665 42.040002085
 1585.0000000 287120.18713 7394135.4747 -1567.941916 1584.9419161 6.2271251109 -9.185300481 84.593560098 0.0700000008 0.0642435936 83.760004467
 1643.0000000 287120.20207 7394135.4322 -1625.941883 1642.9418825 6.2420681079 -9.227830463 204.45355641 0.0999999992 0.0764928989 203.62000078
 1700.0000000 287120.17420 7394135.4205 -1682.941856 1699.9418556 6.2142003503 -9.239503466 347.66355185 0.0700000008 0.0850479745 346.82999622
 1757.0000000 287120.18087 7394135.4513 -1739.941841 1756.9418414 6.2208678551 -9.208682319 102.77356091 0.0299999984 0.0458296906 101.94000528
 1816.0000000 287120.20132 7394135.4838 -1798.941824 1815.9418244 6.2413165320 -9.176228512 9.3435560967 0.0700000008 0.0395542301 8.5100004656
 1872.0000000 287120.22720 7394135.5383 -1854.941791 1871.9417907 6.2672030181 -9.121741571 46.073558568 0.0599999969 0.0225236712 45.240002937
 1930.0000000 287120.24789 7394135.5394 -1912.941781 1929.9417806 6.2878939706 -9.120584449 183.31355644 0.0399999990 0.0483120566 182.48000081
 1988.0000000 287120.23485 7394135.5525 -1970.941769 1987.9417690 6.2748457225 -9.107534814 340.74356875 0.0700000008 0.0558790770 339.91001312
 2046.0000000 287120.21583 7394135.6048 -2028.941742 2045.9417417 6.2558278463 -9.055198366 341.07355533 0.0399999990 0.0155180429 340.23999970
 2103.0000000 287120.22070 7394135.6074 -2085.941737 2102.9417368 6.2606955578 -9.052642760 145.19356026 0.0399999990 0.0417016104 144.36000463
 2199.0000000 287120.18159 7394135.5816 -2181.941713 2198.9417134 6.2215919562 -9.078365868 272.31357417 0.0700000008 0.0310611861 271.48001854
 2216.0000000 287120.09835 7394135.5523 -2198.941437 2215.9414374 6.1383477554 -9.107683491 248.73355643 0.5299999479 0.8235628399 247.90000079
 2247.0000000 287119.58203 7394135.4155 -2229.936495 2246.9364950 5.6220337990 -9.244469257 258.64356036 1.4500000688 0.9023027634 257.81000473
 2275.0000000 287118.74448 7394135.8446 -2257.918563 2274.9185629 4.7844810978 -8.815449897 316.56357540 2.8800000631 2.6156597323 315.73001977
 2303.0000000 287117.65040 7394137.5450 -2285.842529 2302.8425294 3.6904041188 -7.114961866 334.09357467 5.4899997600 3.0827292987 333.26001904
 2332.0000000 287116.54256 7394140.7496 -2314.640500 2331.6405004 2.5825605830 -3.910401898 347.01355794 8.0200004395 3.0373053407 346.18000231
 2362.0000000 287115.86158 7394145.5060 -2344.250028 2361.2500285 1.9015758092 0.8459792966 357.03357775 10.479999791 2.9315464838 356.20002212
 2390.0000000 287115.72691 7394151.3102 -2371.638161 2388.6381613 1.7669056659 6.6501665534 1.4335556715 13.470000477 3.3473101894 0.6000000405
 2420.0000000 287115.87280 7394159.0937 -2400.606919 2417.6069190 1.9128049312 14.433662161 2.2935557097 16.610000656 3.1478360855 1.4600000787
 2449.0000000 287115.93292 7394167.5843 -2428.336068 2445.3360681 1.9729178048 22.924318897 0.2335595287 17.440000121 1.0612584233 359.40000390
 2476.0000000 287115.75097 7394175.6886 -2454.090783 2471.0907828 1.7909694750 31.028600080 358.86356437 17.499999918 0.4618059971 358.03000874
 2506.0000000 287115.25170 7394184.6705 -2482.710535 2499.7105350 1.2916977755 40.010471646 356.43357163 17.399999118 0.7354678072 355.60001600
 2535.0000000 287114.46138 7394193.3557 -2510.368473 2527.3684730 0.5013803323 48.695656680 354.84357525 17.600000717 0.5361175090 354.01001962
 2564.0000000 287113.53907 7394202.1014 -2538.003336 2555.0033364 -0.420928905 57.441408364 354.78357769 17.699999810 0.1051450904 353.95002206
 2592.0000000 287112.63728 7394210.5608 -2564.680086 2581.6800857 -1.322724930 65.900777157 354.71357036 17.669999911 0.0394000613 353.88001473
 2623.0000000 287111.68332 7394220.1430 -2594.146696 2611.1466956 -2.276678175 75.483010175 355.56357649 18.519999878 0.8613234586 354.73002086
 2652.0000000 287110.87537 7394229.3324 -2621.640862 2638.6408621 -3.084627016 84.672387715 356.05356674 18.570000278 0.1693088657 355.22001111
 2666.0000000 287110.52646 7394233.7442 -2634.923192 2651.9231917 -3.433540753 89.084154687 356.57355576 18.280000691 0.7142778802 355.74000013
 2681.0000000 287110.17324 7394238.3279 -2649.201393 2666.2013926 -3.786757088 93.667886903 356.27356796 17.410000223 1.7496821498 355.44001233
 2708.0000000 287109.50278 7394246.3076 -2674.986911 2691.9869114 -4.457217491 101.64759370 355.78357772 17.090000737 0.3904897250 354.95002208
 2737.0000000 287108.75948 7394254.8037 -2702.704909 2719.7049091 -5.200517471 110.14367115 355.88355330 17.110001239 0.0367815684 355.04999767
 2766.0000000 287108.13946 7394263.3065 -2730.423798 2747.4237981 -5.820542120 118.64646412 357.44355091 17.079999633 0.4753855601 356.60999528
 2795.0000000 287107.68958 7394271.8205 -2758.142572 2775.1425716 -6.270419113 127.16053748 358.17356191 17.110001239 0.2241491134 357.34000628
 2824.0000000 287107.31826 7394280.3240 -2785.865776 2802.8657761 -6.641741756 135.66399874 358.49356925 17.019999836 0.1345580285 357.66001361
 2854.0000000 287106.97166 7394289.1273 -2814.543410 2831.5434104 -6.988344626 144.46727330 358.66355216 17.129998325 0.1207921444 357.82999653
 2883.0000000 287106.67531 7394297.6555 -2842.259926 2859.2599265 -7.284688189 152.99545724 359.02356804 17.090000737 0.1171235676 358.19001241
 2914.0000000 287106.27067 7394306.7728 -2871.886464 2888.8864639 -7.689326604 162.11283538 357.56357654 17.149998827 0.4199419120 356.73002091
 2940.0000000 287105.67248 7394314.4027 -2896.734734 2913.7347338 -8.287519054 169.74274605 355.13355328 17.090000737 0.8282277590 354.29999765
 2968.0000000 287104.84132 7394322.5716 -2923.504113 2940.5041133 -9.118682356 177.91164027 354.91355206 17.010000439 0.1101072451 354.07999643
 2998.0000000 287103.99164 7394331.3681 -2952.173301 2969.1733005 -9.968356055 186.70812528 355.71357039 17.249999626 0.3363352540 354.88001476
 3028.0000000 287103.20425 7394340.2434 -2980.820014 2997.8200143 -10.75574965 195.58343425 355.81357650 17.299998319 0.0581533909 354.98002086
 3057.0000000 287102.47458 7394348.7795 -3008.526063 3025.5260629 -11.48542406 204.11950756 356.08356552 17.059999131 0.2616219442 355.25000989
 3085.0000000 287101.84413 7394356.9732 -3035.293320 3052.2933204 -12.11587162 212.31323801 356.78357774 17.070000236 0.2203555779 355.95002211
 3112.0000000 287101.23313 7394364.8944 -3061.098373 3078.0983731 -12.72686580 220.23442317 356.06357650 17.149998827 0.2515893520 355.23002087
 3142.0000000 287100.43796 7394373.7086 -3089.763720 3106.7637202 -13.52204250 229.04858427 355.29355695 17.159999931 0.2273416952 354.46000132
 3172.0000000 287099.57453 7394382.4914 -3118.436738 3135.4367378 -14.38547482 237.83135905 355.14356305 17.049999735 0.1185171367 354.31000742
 3228.0000000 287098.15703 7394398.8791 -3171.967149 3188.9671488 -15.80297488 254.21906135 356.63355332 17.110001239 0.2366263375 355.79999769
 3258.0000000 287097.50874 7394407.6653 -3200.644784 3217.6447837 -16.45125878 263.00528314 356.59357530 17.040000338 0.0709782890 355.76001967
 3286.0000000 287096.77240 7394415.8494 -3227.412201 3244.4122011 -17.18759900 271.18936286 354.79355694 17.090000737 0.5684654975 353.96000130
 3315.0000000 287095.78225 7394424.3222 -3255.129549 3272.1295489 -18.17774635 279.66217846 353.54355690 17.120000636 0.3815895010 352.71000127
 3345.0000000 287094.67801 7394433.0754 -3283.803341 3300.8033413 -19.28198776 288.41541003 353.74356911 17.079999633 0.0711258277 352.91001348
 3374.0000000 287093.59613 7394441.5496 -3311.516875 3328.5168749 -20.36386591 296.88963384 353.37357399 17.180000433 0.1530068457 352.54001836
 3406.0000000 287092.52444 7394450.9329 -3342.091798 3359.0917984 -21.43556023 306.27291403 355.26355817 17.149998827 0.5236533205 354.43000254
