# WELL TRACE FROM PETREL 
# WELL NAME:              8-PPT-5-RJS
# DEFINITIVE SURVEY:      Explicit survey 1
# WELL HEAD X-COORDINATE: 286575.00000000 (m)
# WELL HEAD Y-COORDINATE: 7393835.00000000 (m)
# WELL DATUM (KB, Kelly bushing, from MSL): 22.00000000 (m)
# WELL TYPE:              INJECTION WATER
# MD AND TVD ARE REFERENCED (=0) AT WELL DATUM AND INCREASE DOWNWARDS
# ANGLES ARE GIVEN IN DEGREES
# XYZ TRACE IS GIVEN IN COORDINATE SYSTEM BRAZIL SIRGAS 2000 (WGS84) UTM24S CM 39W (Brazil SIRGAS 2000 (WGS84) UTM24S Lon range 42W - 36W) [Chevron,720787]
# AZIM_TN: azimuth in True North 
# AZIM_GN: azimuth in Grid North 
# DX DY ARE GIVEN IN GRID NORTH IN m-UNITS
# DEPTH (Z, tvd_z) GIVEN IN m-UNITS
#===============================================================================================================================================
      MD            X            Y            Z           TVD           DX          DY        AZIM_TN        INCL         DLS        AZIM_GN
#===============================================================================================================================================
 0.0000000000 286575.00000 7393835.0000 22.000000000 0.0000000000 -0.000000001 0.0000000000 0.8357752890 0.0000000000 0.0000000000 0.0000000001
 1167.0000000 286575.00000 7393835.0000 -1145.000000 1167.0000000 -0.000000001 0.0000000000 0.8357752890 0.0000000000 0.0000000000 0.0000000001
 1207.0000000 286575.04330 7393835.0634 -1184.999902 1206.9999017 0.0433048253 0.0634349240 35.155775939 0.2199999930 0.1649999947 34.320000650
 1237.0000000 286575.06297 7393835.1454 -1214.999771 1236.9997711 0.0629695591 0.1453564633 340.37579328 0.1400000016 0.1802057697 339.54001799
 1264.0000000 286575.04553 7393835.2254 -1241.999645 1263.9996446 0.0455346265 0.2254020497 353.98577901 0.2099999957 0.0899320597 353.15000372
 1295.0000000 286575.07216 7393835.3049 -1272.999517 1294.9995167 0.0721570809 0.3048739769 56.215777898 0.1499999988 0.1867685370 55.380002609
 1323.0000000 286575.07857 7393835.3899 -1300.999358 1322.9993585 0.0785730059 0.3898741081 340.52578718 0.2800000032 0.3033064538 339.69001189
 1351.0000000 286575.03758 7393835.5050 -1328.999091 1350.9990907 0.0375841025 0.5049741492 342.13577258 0.2199999930 0.0647185085 341.29999729
 1379.0000000 286575.00910 7393835.6085 -1356.998885 1378.9988848 0.0091038608 0.6084768455 348.76577765 0.2199999930 0.0272604943 347.93000236
 1409.0000000 286574.99318 7393835.7380 -1386.998599 1408.9985990 -0.006817098 0.7380214417 357.80578644 0.2800000032 0.0716259425 356.97001115
 1436.0000000 286574.98639 7393835.8102 -1413.998480 1435.9984798 -0.013613065 0.8101612190 332.93579063 0.0299999984 0.2812185994 332.10001535
 1465.0000000 286574.99184 7393835.8538 -1442.998440 1464.9984404 -0.008161326 0.8537557460 14.555775938 0.1499999988 0.1335721194 13.720000649
 1494.0000000 286575.00978 7393835.9223 -1471.998354 1493.9983537 0.0097752815 0.9223088287 16.585775727 0.1299999910 0.0213132574 15.750000438
 1522.0000000 286575.03977 7393835.9730 -1499.998290 1521.9982902 0.0397664082 0.9729725737 47.605777048 0.1199999937 0.0723669243 46.770001759
 1549.0000000 286575.06749 7393836.0461 -1526.998169 1548.9981687 0.0674922892 1.0460729096 8.3857761667 0.2300000036 0.1740413473 7.5500008777
 1583.0000000 286575.09775 7393836.1459 -1560.998002 1582.9980018 0.0977472153 1.1459079031 34.325777899 0.1299999910 0.1116958431 33.490002610
 1609.0000000 286575.13166 7393836.1969 -1586.997930 1608.9979296 0.1316576180 1.1969392858 34.545775312 0.1400000016 0.0115539436 33.710000023
 1638.0000000 286575.14312 7393836.2477 -1615.997878 1637.9978781 0.1431233726 1.2476698346 339.73577862 0.0900000020 0.1187516287 338.90000333
 1666.0000000 286575.15865 7393836.2931 -1643.997831 1665.9978309 0.1586525417 1.2931062859 44.095774814 0.1400000016 0.1388546699 43.259999525
 1694.0000000 286575.21040 7393836.3484 -1671.997728 1693.9977282 0.2103965777 1.3484417424 43.765776789 0.1700000067 0.0321569577 42.930001500
 1723.0000000 286575.23713 7393836.4229 -1700.997614 1722.9976137 0.2371296476 1.4228994697 357.40579254 0.1700000067 0.1384458127 356.57001725
 1751.0000000 286575.23467 7393836.4717 -1728.997564 1750.9975641 0.2346734606 1.4717021231 1.0657752996 0.0299999984 0.1500795927 0.2300000106
 1780.0000000 286575.22075 7393836.5034 -1757.997541 1779.9975408 0.2207490400 1.5033883518 330.75579790 0.1099999965 0.0883993733 329.92002261
 1809.0000000 286575.19706 7393836.5694 -1786.997454 1808.9974541 0.1970561354 1.5693941414 347.75579837 0.1700000067 0.0748425249 346.92002308
 1840.0000000 286575.19490 7393836.6512 -1817.997344 1839.9973440 0.1948968593 1.6511679981 13.415775563 0.1400000016 0.0723824056 12.580000274
 1868.0000000 286575.19039 7393836.6968 -1845.997302 1867.9973016 0.1903860121 1.6967893746 316.46578896 0.0700000008 0.1259132527 315.63001367
 1897.0000000 286575.18121 7393836.7524 -1874.997240 1896.9972402 0.1812073316 1.7523642033 5.1157756179 0.1700000067 0.1390844749 4.2800003290
 1925.0000000 286575.19659 7393836.8257 -1902.997139 1924.9971389 0.1965858229 1.8257289659 21.865776561 0.1400000016 0.0578928370 21.030001272
 1954.0000000 286575.18587 7393836.8819 -1931.997074 1953.9970744 0.1858691441 1.8819047213 315.42578038 0.1299999910 0.1532660617 314.59000509
 1981.0000000 286575.16843 7393836.9385 -1958.997004 1980.9970042 0.1684335108 1.9384877812 7.9557753727 0.1499999988 0.1391086270 7.1200000838
 2010.0000000 286575.18668 7393837.0170 -1987.996892 2009.9968917 0.1866788407 2.0170057286 19.175775952 0.1700000067 0.0383561028 18.340000663
 2038.0000000 286575.20067 7393837.0662 -2015.996839 2037.9968389 0.2006662209 2.0661735535 6.2057753240 0.0399999990 0.1407082666 5.3700000351
 2067.0000000 286575.16393 7393837.0809 -2044.996803 2066.9968031 0.1639296830 2.0808807053 277.83578300 0.1499999988 0.1594535428 277.00000771
 2096.0000000 286575.13360 7393837.1560 -2073.996653 2095.9966535 0.1336044580 2.1559964474 6.7957754930 0.2800000032 0.3261085693 5.9600002041
 2125.0000000 286575.13461 7393837.3174 -2102.996201 2124.9962010 0.1346071301 2.3173834616 356.83578520 0.3600000079 0.1005011028 356.00000991
 2155.0000000 286575.13505 7393837.5343 -2132.995412 2154.9954116 0.1350514792 2.5342803989 4.1057753609 0.4699999910 0.1217390446 3.2700000720
 2189.0000000 286575.12330 7393837.8296 -2166.994123 2188.9941226 0.1232950919 2.8295636419 353.63577290 0.5299999479 0.0962320043 352.79999761
 2209.0000000 286575.10926 7393838.0313 -2186.993097 2208.9930971 0.1092623842 3.0312947687 359.56579626 0.6300000005 0.1747574651 358.73002097
 2237.0000000 286575.11017 7393838.2018 -2214.992466 2236.9924656 0.1101680323 3.2017714037 15.455775581 0.0700000008 0.6032154053 14.620000292
 2266.0000000 286575.12107 7393838.2327 -2243.992447 2265.9924471 0.1210656134 3.2326762658 25.865776672 0.0599999969 0.0159680873 25.030001383
 2293.0000000 286575.13645 7393838.2449 -2270.992439 2292.9924387 0.1364528470 3.2448532749 94.695778511 0.0399999990 0.0654193010 93.860003222
 2322.0000000 286575.14140 7393838.2355 -2299.992435 2321.9924351 0.1414036582 3.2354552727 211.41578298 0.0399999990 0.0704574535 210.58000769
 2351.0000000 286575.13767 7393838.2193 -2328.992430 2350.9924301 0.1376679337 3.2192784417 170.09577451 0.0299999984 0.0273212997 169.25999922
 2379.0000000 286575.14506 7393838.2079 -2356.992427 2378.9924266 0.1450632587 3.2079036832 125.51577143 0.0299999984 0.0243832284 124.67999615
 2408.0000000 286575.16645 7393838.2024 -2385.992418 2407.9924177 0.1664453509 3.2023624750 95.445778532 0.0599999969 0.0384920670 94.610003243
 2438.0000000 286575.18070 7393838.1934 -2415.992411 2437.9924111 0.1807018532 3.1933708563 191.12577387 0.0299999984 0.0696871547 190.28999858
 2467.0000000 286575.17219 7393838.1884 -2444.992409 2466.9924087 0.1721915579 3.1884455457 290.42577969 0.0299999984 0.0473029813 289.59000440
 2495.0000000 286575.15813 7393838.1925 -2472.992405 2494.9924048 0.1581330053 3.1925192960 283.56579414 0.0299999984 0.0038461443 282.73001885
 2524.0000000 286575.13681 7393838.2003 -2501.992396 2523.9923956 0.1368074719 3.2002677340 294.41577003 0.0599999969 0.0321249043 293.57999474
 2553.0000000 286575.13746 7393838.2106 -2530.992389 2552.9923891 0.1374561467 3.2106358679 74.415779168 0.0599999969 0.1166514926 73.580003879
 2580.0000000 286575.14501 7393838.2184 -2557.992385 2579.9923845 0.1450071767 3.2183529520 302.58578369 0.0299999984 0.0923019778 301.75000840
 2609.0000000 286575.13099 7393838.2231 -2586.992381 2608.9923807 0.1309943584 3.2231042106 276.54577442 0.0299999984 0.0139835928 275.70999913
 2638.0000000 286575.12635 7393838.2142 -2615.992378 2637.9923777 0.1263514000 3.2141631935 164.11577861 0.0399999990 0.0604595664 163.28000332
 2667.0000000 286575.13683 7393838.2038 -2644.992373 2666.9923734 0.1368301846 3.2038220353 95.705780676 0.0299999984 0.0415971452 94.870005387
 2695.0000000 286575.15043 7393838.2107 -2672.992369 2694.9923688 0.1504292703 3.2106792536 40.915778235 0.0399999990 0.0357963003 40.080002946
 2724.0000000 286575.15055 7393838.2106 -2701.992366 2723.9923665 0.1505462773 3.2105822861 220.05578261 0.0399999990 0.0827562881 219.22000732
 2753.0000000 286575.13745 7393838.2103 -2730.992362 2752.9923622 0.1374543386 3.2103377692 319.47579880 0.0399999990 0.0631267242 318.64002352
 2780.0000000 286575.14407 7393838.2278 -2757.992353 2779.9923534 0.1440743221 3.2277583592 51.995776560 0.0700000008 0.0912615190 51.160001271
 2810.0000000 286575.16456 7393838.2441 -2787.992341 2809.9923414 0.1645550864 3.2440711018 53.005774910 0.0299999984 0.0400081582 52.169999621
 2839.0000000 286575.16374 7393838.2521 -2816.992339 2838.9923393 0.1637370301 3.2520760838 296.99578719 0.0299999984 0.0526403312 296.16001190
 2865.0000000 286575.16670 7393838.2548 -2842.992337 2864.9923375 0.1666993049 3.2547955886 92.615776622 0.0399999990 0.0789856886 91.780001333
 2894.0000000 286575.17018 7393838.2582 -2871.992335 2893.9923353 0.1701795523 3.2581659406 299.86578239 0.0299999984 0.0704181210 299.03000710
 2922.0000000 286575.16687 7393838.2551 -2899.992334 2921.9923338 0.1668698522 3.2550801355 155.81577533 0.0299999984 0.0611480073 154.98000004
 2951.0000000 286575.16109 7393838.2529 -2928.992332 2950.9923315 0.1610942620 3.2528617419 298.25579699 0.0399999990 0.0686394486 297.42002170
 2980.0000000 286575.15570 7393838.2508 -2957.992329 2979.9923293 0.1557047678 3.2508371128 152.55578073 0.0299999984 0.0692611966 151.72000544
 3010.0000000 286575.14188 7393838.2492 -2987.992323 3009.9923227 0.1418797894 3.2492170781 287.63577106 0.0700000008 0.0936695866 286.79999577
 3037.0000000 286575.11462 7393838.2457 -3014.992308 3036.9923076 0.1146154676 3.2457199767 235.06577753 0.0599999969 0.0647363856 234.23000225
 3066.0000000 286575.09810 7393838.2305 -3043.992298 3065.9922985 0.0980978206 3.2305136584 214.37577452 0.0299999984 0.0348081444 213.53999923
 3095.0000000 286575.08710 7393838.2276 -3072.992296 3094.9922957 0.0870996233 3.2275584713 297.21578842 0.0299999984 0.0410631953 296.38001313
 3124.0000000 286575.07582 7393838.2400 -3101.992291 3123.9922906 0.0758189580 3.2400128376 334.58578458 0.0399999990 0.0251836907 333.75000929
 3154.0000000 286575.06889 7393838.2596 -3131.992283 3153.9922833 0.0688893214 3.2596250335 348.16577153 0.0399999990 0.0094584429 347.32999624
 3183.0000000 286575.06692 7393838.2619 -3160.992281 3182.9922814 0.0669243808 3.2619139422 178.90578757 0.0299999984 0.0721024729 178.07001228
 3211.0000000 286575.06113 7393838.2386 -3188.992270 3210.9922704 0.0611271894 3.2385828253 201.52578332 0.0700000008 0.0469852974 200.69000803
 3238.0000000 286575.05530 7393838.2232 -3215.992264 3237.9922637 0.0552989439 3.2231506845 67.215774390 0.0000000000 0.0777777787 66.379999101
 3265.0000000 286575.04005 7393838.2169 -3242.992257 3264.9922570 0.0400508851 3.2168565495 248.40578950 0.0700000008 0.0777777787 247.57001421
 3294.0000000 286575.03945 7393838.2182 -3271.992250 3293.9922497 0.0394475132 3.2181647625 63.745773072 0.0700000008 0.1447078500 62.909997783
 3323.0000000 286575.06272 7393838.2275 -3300.992238 3322.9922382 0.0627165739 3.2274526181 81.595779673 0.0299999984 0.0439159411 80.760004384
 3348.0000000 286575.07054 7393838.2221 -3325.992236 3347.9922359 0.0705353314 3.2221000046 168.86577874 0.0299999984 0.0496844444 168.03000346
 3362.0000000 286575.07206 7393838.2149 -3339.992234 3361.9922340 0.0720558959 3.2149278447 168.86577874 0.0299999984 0.0000000000 168.03000346
