# WELL TRACE FROM PETREL 
# WELL NAME:              8-PPT-45HP-RJS
# DEFINITIVE SURVEY:      Explicit survey 1
# WELL HEAD X-COORDINATE: 286958.75000000 (m)
# WELL HEAD Y-COORDINATE: 7398155.52000000 (m)
# WELL DATUM (KB, Kelly bushing, from MSL): 17.00000000 (m)
# WELL TYPE:              INJECTION WATER
# MD AND TVD ARE REFERENCED (=0) AT WELL DATUM AND INCREASE DOWNWARDS
# ANGLES ARE GIVEN IN DEGREES
# XYZ TRACE IS GIVEN IN COORDINATE SYSTEM BRAZIL SIRGAS 2000 (WGS84) UTM24S CM 39W (Brazil SIRGAS 2000 (WGS84) UTM24S Lon range 42W - 36W) [Chevron,720787]
# AZIM_TN: azimuth in True North 
# AZIM_GN: azimuth in Grid North 
# DX DY ARE GIVEN IN GRID NORTH IN m-UNITS
# DEPTH (Z, tvd_z) GIVEN IN m-UNITS
#===============================================================================================================================================
      MD            X            Y            Z           TVD           DX          DY        AZIM_TN        INCL         DLS        AZIM_GN
#===============================================================================================================================================
 0.0000000000 286958.75000 7398155.5200 17.000000000 0.0000000000 0.0000000051 -0.000000003 0.8327252458 0.0000000000 0.0000000000 0.0000000000
 1107.0000000 286958.75000 7398155.5200 -1090.000000 1107.0000000 0.0000000051 -0.000000003 0.8327252458 0.0000000000 0.0000000000 0.0000000000
 1142.0000000 286958.52438 7398155.4112 -1124.998805 1141.9988052 -0.225616541 -0.108824505 245.08272525 0.8200000000 0.7028571429 244.25000000
 1200.0000000 286957.80072 7398155.0169 -1182.992947 1199.9929472 -0.949284054 -0.503094190 239.38272525 0.8100000000 0.0422359782 238.55000000
 1230.0000000 286957.43109 7398154.7786 -1212.989723 1229.9897229 -1.318905960 -0.741361260 236.76272525 0.8700000000 0.0712262363 235.93000000
 1259.0000000 286957.08626 7398154.5344 -1241.986643 1258.9866426 -1.663740980 -0.985614880 234.17272525 0.8000000000 0.0822518969 233.34000000
 1288.0000000 286956.87420 7398154.3742 -1270.985314 1287.9853140 -1.875798861 -1.145774152 232.48272525 0.2500000000 0.5691291182 231.65000000
 1316.0000000 286956.81652 7398154.3360 -1298.985211 1315.9852114 -1.933481898 -1.184030115 268.79272525 0.0400000000 0.2346978839 267.96000000
 1345.0000000 286956.79644 7398154.3374 -1327.985204 1344.9852044 -1.953562972 -1.182588924 281.08272525 0.0400000000 0.0088588950 280.25000000
 1374.0000000 286956.79399 7398154.3403 -1356.985202 1373.9852024 -1.956009404 -1.179709536 82.672725246 0.0300000000 0.0715004232 81.840000000
 1429.0000000 286956.79629 7398154.3273 -1411.985198 1428.9851979 -1.953707271 -1.192692861 219.33272525 0.0400000000 0.0355404764 218.50000000
 1484.0000000 286956.79630 7398154.3385 -1466.985190 1483.9851898 -1.953702667 -1.181517318 25.362725246 0.0600000000 0.0541568708 24.530000000
 1573.0000000 286956.77891 7398154.3522 -1555.985172 1572.9851717 -1.971094987 -1.167791547 232.86272525 0.0600000000 0.0392902406 232.03000000
 1659.0000000 286956.72105 7398154.3273 -1641.985147 1658.9851465 -2.028947518 -1.192740437 277.87272525 0.0300000000 0.0154234172 277.04000000
 1717.0000000 286956.66048 7398154.3268 -1699.985112 1716.9851122 -2.089521477 -1.193192084 267.92272525 0.0900000000 0.0313826242 267.09000000
 1774.0000000 286956.60206 7398154.3305 -1756.985079 1773.9850791 -2.147941238 -1.189549720 294.18272525 0.0300000000 0.0339353466 293.35000000
 1832.0000000 286956.58731 7398154.3516 -1814.985073 1831.9850727 -2.162687013 -1.168364905 357.80272525 0.0300000000 0.0163584032 356.97000000
 1890.0000000 286956.55783 7398154.3460 -1872.985059 1889.9850590 -2.192165263 -1.174018006 234.85272525 0.0700000000 0.0465069005 234.02000000
 1948.0000000 286956.52916 7398154.3252 -1930.985045 1947.9850445 -2.220840756 -1.194836682 337.00272525 0.0000000000 0.0362068966 336.17000000
 2005.0000000 286956.54407 7398154.3258 -1987.985042 2004.9850419 -2.205930456 -1.194175254 88.292725246 0.0300000000 0.0157894737 87.460000000
 2060.0000000 286956.53948 7398154.3294 -2042.985038 2059.9850382 -2.210522571 -1.190622630 279.56272525 0.0400000000 0.0380010830 278.73000000
 2099.0000000 286956.51585 7398154.3306 -2081.985031 2098.9850310 -2.234154465 -1.189435419 265.89272525 0.0300000000 0.0099699194 265.06000000
 2131.0000000 286956.63187 7398154.3993 -2113.984630 2130.9846296 -2.118126140 -1.120730890 61.662725246 0.5100000000 0.5039045493 60.830000000
 2159.0000000 286956.98593 7398154.6070 -2141.981466 2158.9814661 -1.764066224 -0.912982899 59.892725246 1.1700000000 0.7076048592 59.060000000
 2186.0000000 286957.43508 7398154.8842 -2168.976305 2185.9763050 -1.314921366 -0.635797542 58.342725246 1.0700000000 0.1160886336 57.510000000
 2213.0000000 286958.13116 7398155.1003 -2195.965998 2212.9659978 -0.618840887 -0.419723044 81.362725246 2.0800000000 1.3026465182 80.530000000
 2233.0000000 286959.12470 7398155.0818 -2215.940502 2232.9405018 0.3747002075 -0.438241199 97.852725246 3.6700000000 2.6645903745 97.020000000
 2245.0000000 286959.96957 7398154.9589 -2227.909996 2244.9099957 1.2195671763 -0.561108187 100.13272525 4.4900000000 2.0893281199 99.300000000
 2260.0000000 286961.27839 7398154.6935 -2242.850131 2259.8501314 2.5283936396 -0.826527162 103.99272525 5.7300000000 2.5721751907 103.16000000
 2273.0000000 286962.63716 7398154.3579 -2255.774457 2272.7744570 3.8871630226 -1.162115118 105.32272525 6.6300000000 2.1029024456 104.49000000
 2300.0000000 286965.89863 7398153.4388 -2282.560562 2299.5605622 7.1486268553 -2.081171075 107.63272525 7.7900000000 1.3282780308 106.80000000
 2319.0000000 286968.70954 7398152.5152 -2301.327476 2318.3274756 9.9595407267 -3.004773486 110.09272525 10.130000000 3.7430997424 109.26000000
 2330.0000000 286970.65277 7398151.8591 -2312.134414 2329.1344138 11.902765151 -3.660922167 108.95272525 11.360000000 3.4040967851 108.12000000
 2346.0000000 286973.86999 7398150.8544 -2327.774954 2344.7749540 15.119986691 -4.665605338 107.49272525 12.960000000 3.0546802184 106.66000000
 2359.0000000 286976.79602 7398149.9875 -2340.411539 2357.4115385 18.046019488 -5.532520738 107.19272525 14.190000000 2.8430997084 106.36000000
 2374.0000000 286980.62554 7398148.9806 -2354.878523 2371.8785228 21.875540905 -6.539421981 104.15272525 16.430000000 4.7574770666 103.32000000
 2388.0000000 286984.66330 7398148.1552 -2368.257839 2385.2578392 25.913299320 -7.364807183 100.75272525 17.820000000 3.6695703528 99.920000000
 2405.0000000 286990.07266 7398147.3827 -2384.354953 2401.3549529 31.322661112 -8.137349762 97.332725246 19.690000000 3.8269350336 96.500000000
 2419.0000000 286995.00145 7398146.9326 -2397.450301 2414.4503013 36.251445351 -8.587428079 94.882725246 21.720000000 4.7285816513 94.050000000
 2432.0000000 286999.98850 7398146.6782 -2409.452658 2426.4526580 41.238501092 -8.841824958 92.702725246 23.460000000 4.4555793900 91.870000000
 2448.0000000 287006.56267 7398146.5269 -2424.038721 2441.0387214 47.812665534 -8.993116876 91.632725246 25.070000000 3.1292016823 90.800000000
 2464.0000000 287013.57080 7398146.5029 -2438.421983 2455.4219829 54.820801841 -9.017094245 90.462725246 26.880000000 3.5269865149 89.630000000
 2476.0000000 287019.11569 7398146.5758 -2449.063989 2466.0639892 60.365693514 -8.944213105 89.712725246 28.160000000 3.3151460768 88.880000000
 2491.0000000 287026.39953 7398146.8058 -2462.174622 2479.1746221 67.649530176 -8.714158183 88.372725246 29.970000000 3.8468038382 87.540000000
 2504.0000000 287033.04183 7398147.1168 -2473.345405 2490.3454050 74.291833796 -8.403240707 87.942725246 31.550000000 3.6812834302 87.110000000
 2520.0000000 287041.67865 7398147.6863 -2486.801337 2503.8013374 82.928646034 -7.833695075 86.232725246 33.950000000 4.8223127537 85.400000000
 2533.0000000 287049.06562 7398148.3350 -2497.479204 2514.4792037 90.315620054 -7.185014462 85.412725246 35.600000000 3.9576239732 84.580000000
 2550.0000000 287059.16684 7398149.2916 -2511.119272 2528.1192723 100.41684333 -6.228432013 85.432725246 37.680000000 3.6706486253 84.600000000
 2561.0000000 287065.95431 7398149.9174 -2519.753442 2536.7534421 107.20431024 -5.602569630 85.692725246 38.890000000 3.3291098544 84.860000000
 2575.0000000 287074.84926 7398150.7470 -2530.533319 2547.5333186 116.09925601 -4.773034759 85.322725246 40.400000000 3.2750064270 84.490000000
 2589.0000000 287084.01672 7398151.5593 -2541.083840 2558.0838401 125.26672098 -3.960685037 86.202725246 41.790000000 3.2261204379 85.370000000
 2605.0000000 287094.83290 7398152.4256 -2552.842933 2569.8429328 136.08289555 -3.094398631 86.302725246 43.600000000 3.3961299000 85.470000000
 2617.0000000 287103.17155 7398153.0974 -2561.447170 2578.4471705 144.42154557 -2.422637882 86.152725246 44.780000000 2.9615561153 85.320000000
 2634.0000000 287115.30989 7398154.1225 -2573.305849 2590.3058488 156.55989374 -1.397500386 85.862725246 46.750000000 3.4957466591 85.030000000
 2647.0000000 287124.84786 7398154.9570 -2582.100857 2599.1008571 166.09786394 -0.562981603 85.802725246 48.100000000 3.1170524307 84.970000000
 2677.0000000 287147.62794 7398157.0092 -2601.512102 2618.5121022 188.87793977 1.4891969152 85.572725246 51.250000000 3.1548728488 84.740000000
 2689.0000000 287157.03121 7398157.9367 -2608.910650 2625.9106503 198.28121313 2.4167410545 84.832725246 52.620000000 3.7218002569 84.000000000
 2705.0000000 287169.81910 7398159.2318 -2618.440982 2635.4409820 211.06910178 3.7117903363 85.262725246 54.260000000 3.1424422484 84.430000000
 2719.0000000 287181.23160 7398160.3681 -2626.471840 2643.4718398 222.48160181 4.8480993854 85.032725246 55.730000000 3.1757600251 84.200000000
 2733.0000000 287192.82287 7398161.6290 -2634.223315 2651.2233147 234.07287180 6.1089627845 84.222725246 57.030000000 3.1383279387 83.390000000
 2748.0000000 287205.43677 7398163.1177 -2642.205115 2659.2051150 246.68676795 7.5976916999 83.982725246 58.670000000 3.3050768248 83.150000000
 2763.0000000 287218.24178 7398164.6434 -2649.869873 2666.8698726 259.49178482 9.1233860105 84.092725246 59.870000000 2.4074383462 83.260000000
 2777.0000000 287230.35555 7398166.0060 -2656.757323 2673.7573235 271.60555481 10.485998271 84.732725246 61.190000000 3.0702259391 83.900000000
 2791.0000000 287242.64078 7398167.3681 -2663.334058 2680.3340578 283.89077864 11.848083274 84.282725246 62.770000000 3.4910760074 83.450000000
 2805.0000000 287255.10863 7398168.7741 -2669.547767 2686.5477671 296.35863404 13.254096215 84.512725246 64.530000000 3.7971964180 83.680000000
 2820.0000000 287268.68373 7398170.2051 -2675.769110 2692.7691098 309.93373324 14.685134929 85.112725246 66.460000000 4.0114439746 84.280000000
 2835.0000000 287282.43670 7398171.6827 -2681.575721 2698.5757212 323.68670144 16.162743879 84.292725246 67.990000000 3.4131996420 83.460000000
 2849.0000000 287295.33808 7398173.1492 -2686.815683 2703.8156833 336.58808440 17.629245660 84.402725246 68.050000000 0.2535909772 83.570000000
 2877.0000000 287321.15510 7398176.0862 -2697.259343 2714.2593431 362.40510305 20.566166036 84.282725246 68.150000000 0.1603448194 83.450000000
 2905.0000000 287346.99033 7398178.9749 -2707.671280 2724.6712795 388.24033486 23.454906402 84.622725246 68.190000000 0.3408680969 83.790000000
 2934.0000000 287373.76780 7398181.8224 -2718.445665 2735.4456646 415.01780353 26.302408727 84.902725246 68.190000000 0.2689219070 84.070000000
 2962.0000000 287399.64083 7398184.3866 -2728.848568 2745.8485676 440.89082988 28.866634814 85.442725246 68.190000000 0.5371575880 84.610000000
 2979.0000000 287415.36349 7398185.7291 -2735.178490 2752.1784898 456.61349363 30.209061051 86.462725246 68.090000000 1.6798650599 85.630000000
 2991.0000000 287426.46565 7398186.5307 -2739.666022 2756.6660223 467.71564755 31.010731150 86.942725246 67.990000000 1.1406669177 86.110000000
 3008.0000000 287442.20134 7398187.4918 -2746.033045 2763.0330455 483.45134185 31.971774979 87.732725246 68.020000000 1.2937311501 86.900000000
 3020.0000000 287453.31420 7398188.0713 -2750.528330 2767.5283297 494.56419901 32.551259113 87.962725246 67.980000000 0.5424281427 87.130000000
 3049.0000000 287480.17056 7398189.4106 -2761.398960 2778.3989601 521.42055781 33.890592372 87.992725246 67.990000000 0.0305748583 87.160000000
 3079.0000000 287507.95125 7398190.7717 -2772.651722 2789.6517215 549.20124807 35.251722261 88.062725246 67.950000000 0.0762272850 87.230000000
 3107.0000000 287533.87867 7398192.0103 -2783.161094 2800.1610938 575.12867426 36.490297015 88.132725246 67.960000000 0.0703375263 87.300000000
 3128.0000000 287553.20610 7398192.7774 -2791.342626 2808.3426259 594.45610371 37.257381825 88.992725246 66.180000000 2.7832056660 88.160000000
 3142.0000000 287565.93578 7398193.1045 -2797.163792 2814.1637918 607.18577848 37.584540193 89.732725246 64.680000000 3.5229512040 88.900000000
 3157.0000000 287579.43459 7398193.2558 -2803.706414 2820.7064139 620.68459359 37.735822177 90.652725246 63.600000000 2.7215709733 89.820000000
 3172.0000000 287592.84190 7398193.2571 -2810.436835 2827.4368355 634.09190085 37.737082819 91.002725246 63.080000000 1.2136492989 90.170000000
 3185.0000000 287604.39973 7398193.2087 -2816.391181 2833.3911808 645.64972947 37.688710097 91.142725246 62.400000000 1.5952944821 90.310000000
 3203.0000000 287620.26522 7398193.0458 -2824.895610 2841.8956099 661.51521507 37.525758951 91.702725246 61.210000000 2.1471414127 90.870000000
 3215.0000000 287630.75388 7398192.8098 -2830.723457 2847.7234565 672.00388059 37.289764985 92.542725246 60.680000000 2.2639444056 91.710000000
 3230.0000000 287643.78125 7398192.3233 -2838.146300 2855.1463001 685.03124788 36.803294146 93.402725246 60.000000000 2.0207644741 92.570000000
 3244.0000000 287655.83876 7398191.7327 -2845.239161 2862.2391610 697.08876318 36.212749919 93.872725246 59.120000000 2.0760212107 93.040000000
 3259.0000000 287668.64698 7398190.9698 -2853.011841 2870.0118415 709.89697606 35.449845722 94.612725246 58.460000000 1.8288301686 93.780000000
 3271.0000000 287678.81337 7398190.2342 -2859.346903 2876.3469032 720.06336712 34.714199968 95.332725246 57.810000000 2.2310484338 94.500000000
 3287.0000000 287692.25467 7398189.1046 -2867.955471 2884.9554707 733.50466786 33.584607715 95.942725246 57.090000000 1.6588985105 95.110000000
 3301.0000000 287703.95902 7398188.0415 -2875.566070 2892.5660700 745.20901595 32.521489946 96.102725246 57.050000000 0.3002660606 95.270000000
 3317.0000000 287717.32861 7398186.7859 -2884.268587 2901.2685868 758.57861247 31.265928242 96.292725246 57.050000000 0.2989455566 95.460000000
 3329.0000000 287727.35137 7398185.8041 -2890.796357 2907.7963575 768.60137403 30.284070641 96.562725246 57.040000000 0.5669425095 95.730000000
 3345.0000000 287740.72808 7398184.4571 -2899.474243 2916.4742434 781.97807810 28.937099151 96.602725246 57.270000000 0.4358289595 95.770000000
 3357.0000000 287750.82885 7398183.4624 -2905.878440 2922.8784397 792.07884827 27.942393633 96.312725246 58.220000000 2.4528596911 95.480000000
 3367.0000000 287759.33902 7398182.6535 -2911.069089 2928.0690886 800.58902128 27.133488743 96.212725246 59.240000000 3.0707242068 95.380000000
 3380.0000000 287770.50994 7398181.6685 -2917.647542 2934.6475417 811.75994253 26.148545514 95.532725246 59.960000000 2.1430286400 94.700000000
 3396.0000000 287784.43811 7398180.6011 -2925.451854 2942.4518543 825.68810905 25.081132304 94.902725246 61.650000000 3.3322929741 94.070000000
 3411.0000000 287797.69642 7398179.7606 -2932.419797 2949.4197973 838.94641926 24.240645763 94.022725246 62.990000000 3.1002183423 93.190000000
 3425.0000000 287810.22933 7398179.1449 -2938.631484 2955.6314843 851.47932688 23.624869814 93.272725246 64.330000000 3.2123746586 92.440000000
 3440.0000000 287823.81394 7398178.6686 -2944.977841 2961.9778413 865.06394432 23.148641421 92.412725246 65.610000000 2.9970400461 91.580000000
 3453.0000000 287835.70354 7398178.4366 -2950.233286 2967.2332856 876.95353924 22.916597772 91.492725246 66.700000000 3.1776991489 90.660000000
 3468.0000000 287849.54824 7398178.3864 -2956.009775 2973.0097753 890.79824419 22.866367167 90.592725246 68.000000000 3.0853380325 89.760000000
 3482.0000000 287862.59046 7398178.5336 -2961.100939 2978.1009392 903.84046491 23.013617015 89.782725246 69.350000000 3.3140192561 88.950000000
 3497.0000000 287876.66520 7398178.9074 -2966.279232 2983.2792316 917.91520016 23.387429126 88.842725246 70.260000000 2.5348550353 88.010000000
 3511.0000000 287889.87531 7398179.4973 -2970.882275 2987.8822745 931.12530671 23.977330943 87.712725246 71.350000000 3.2687650729 86.880000000
 3527.0000000 287905.05401 7398180.4740 -2975.853164 2992.8531641 946.30401281 24.954038881 86.592725246 72.450000000 2.8702055475 85.760000000
 3540.0000000 287917.44461 7398181.4908 -2979.658353 2996.6583529 958.69460559 25.970829638 85.692725246 73.510000000 3.1508018083 84.860000000
 3556.0000000 287932.75753 7398182.9926 -2984.053806 3001.0538056 974.00752513 27.472609677 84.772725246 74.600000000 2.6320840984 83.940000000
 3569.0000000 287945.22995 7398184.4193 -2987.437130 3004.4371304 986.47995240 28.899326392 83.842725246 75.230000000 2.5313274495 83.010000000
 3585.0000000 287960.60097 7398186.3571 -2991.443210 3008.4432102 1001.8509674 30.837111261 83.452725246 75.770000000 1.2354578707 82.620000000
 3597.0000000 287972.12697 7398187.9349 -2994.393038 3011.3930381 1013.3769652 32.414949900 82.622725246 75.770000000 2.0113312441 81.790000000
 3614.0000000 287988.42650 7398190.3971 -2998.557567 3015.5575675 1029.6764953 34.877133674 81.862725246 75.870000000 1.3122314253 81.030000000
 3625.0000000 287998.98040 7398192.0886 -3001.162767 3018.1627672 1040.2304002 36.568584619 81.592725246 76.730000000 2.4521341814 80.760000000
 3639.0000000 288012.45982 7398194.3275 -3004.219100 3021.2191002 1053.7098239 38.807456220 81.212725246 78.050000000 2.9380679501 80.380000000
 3654.0000000 288026.93581 7398196.8684 -3007.227586 3024.2275859 1068.1858066 41.348356561 80.542725246 78.810000000 2.0084173852 79.710000000
 3668.0000000 288040.46433 7398199.3880 -3009.812489 3026.8124886 1081.7143259 43.868044201 80.022725246 79.910000000 2.5991124573 79.190000000
 3683.0000000 288054.97575 7398202.2906 -3012.271425 3029.2714247 1096.2257471 46.770592825 79.022725246 81.220000000 3.2797444091 78.190000000
 3698.0000000 288069.48948 7398205.4141 -3014.428991 3031.4289913 1110.7394784 49.894103171 78.352725246 82.240000000 2.4331050805 77.520000000
 3711.0000000 288082.06428 7398208.2850 -3016.065077 3033.0650765 1123.3142765 52.764977883 77.592725246 83.300000000 3.0018050696 76.760000000
 3720.0000000 288090.77161 7398210.3465 -3017.042526 3034.0425261 1132.0216054 54.826521523 77.432725246 84.230000000 3.1450092073 76.600000000
 3735.0000000 288105.29156 7398213.8057 -3018.550557 3035.5505566 1146.5415617 58.285658466 77.432725246 84.230000000 0.0000000000 76.600000000
