# WELL TRACE FROM PETREL 
# WELL NAME:              8-PPT-35HP-RJS
# DEFINITIVE SURVEY:      Explicit survey 1
# WELL HEAD X-COORDINATE: 286728.00000000 (m)
# WELL HEAD Y-COORDINATE: 7399768.00000000 (m)
# WELL DATUM (KB, Kelly bushing, from MSL): 12.00000000 (m)
# WELL TYPE:              INJECTION WATER
# MD AND TVD ARE REFERENCED (=0) AT WELL DATUM AND INCREASE DOWNWARDS
# ANGLES ARE GIVEN IN DEGREES
# XYZ TRACE IS GIVEN IN COORDINATE SYSTEM BRAZIL SIRGAS 2000 (WGS84) UTM24S CM 39W (Brazil SIRGAS 2000 (WGS84) UTM24S Lon range 42W - 36W) [Chevron,720787]
# AZIM_TN: azimuth in True North 
# AZIM_GN: azimuth in Grid North 
# DX DY ARE GIVEN IN GRID NORTH IN m-UNITS
# DEPTH (Z, tvd_z) GIVEN IN m-UNITS
#===============================================================================================================================================
      MD            X            Y            Z           TVD           DX          DY        AZIM_TN        INCL         DLS        AZIM_GN
#===============================================================================================================================================
 0.0000000000 286728.00000 7399768.0000 12.000000000 0.0000000000 -0.000000001 -0.000000004 0.8330480437 0.0000000000 0.0000000000 0.0000000000
 992.00000000 286728.00000 7399768.0000 -980.0000000 992.00000000 -0.000000001 -0.000000004 0.8330480437 0.0000000000 0.0000000000 0.0000000000
 1050.0000000 286728.02562 7399767.9755 -1037.999986 1049.9999856 0.0256232718 -0.024477586 134.52305421 0.0700000008 0.0362068970 133.69000616
 1080.0000000 286728.06845 7399767.9522 -1067.999944 1079.9999445 0.0684475172 -0.047761245 110.59305323 0.1199999937 0.0628020512 109.76000519
 1108.0000000 286728.13267 7399767.9438 -1095.999868 1107.9998683 0.1326744594 -0.056185577 88.503048652 0.1499999988 0.0637711773 87.670000609
 1138.0000000 286728.21207 7399767.9334 -1125.999760 1137.9997605 0.2120688700 -0.066550605 107.42304735 0.1599999961 0.0518972657 106.58999930
 1166.0000000 286728.26403 7399767.9246 -1153.999707 1165.9997067 0.2640274361 -0.075433775 81.883053351 0.0599999969 0.1167617987 81.050005307
 1195.0000000 286728.28011 7399767.9344 -1182.999699 1194.9996992 0.2801097660 -0.065554969 9.0130485765 0.0299999984 0.0606709187 8.1800005328
 1224.0000000 286728.28696 7399767.9469 -1211.999696 1223.9996956 0.2869573656 -0.053099232 50.253047588 0.0299999984 0.0218587241 49.419999544
 1253.0000000 286728.29851 7399767.9601 -1240.999690 1252.9996902 0.2985114695 -0.039851939 35.693049624 0.0399999990 0.0137658596 34.860001580
 1281.0000000 286728.30290 7399767.9779 -1268.999684 1280.9996840 0.3028990530 -0.022129185 353.78307007 0.0399999990 0.0306543777 352.95002203
 1309.0000000 286728.29469 7399767.9897 -1296.999680 1308.9996797 0.2946865556 -0.010289019 287.79304748 0.0299999984 0.0418193553 286.95999944
 1337.0000000 286728.26476 7399768.0004 -1324.999660 1336.9996600 0.2647620850 0.0003522299 291.19304148 0.0999999992 0.0750807813 290.35999343
 1366.0000000 286728.22910 7399768.0223 -1353.999629 1365.9996289 0.2291030689 0.0222590845 318.51304956 0.0700000008 0.0513253661 317.68000152
 1394.0000000 286728.20098 7399768.0390 -1381.999609 1393.9996092 0.2009837064 0.0390348956 284.79304740 0.0700000008 0.0435051144 283.95999936
 1423.0000000 286728.17644 7399768.0503 -1410.999596 1422.9995960 0.1764401093 0.0502734035 314.29304822 0.0399999990 0.0417142656 313.46000018
 1452.0000000 286728.16282 7399768.0652 -1439.999589 1451.9995889 0.1628175633 0.0651841545 322.54304845 0.0399999990 0.0059530467 321.71000041
 1480.0000000 286728.14894 7399768.0881 -1467.999576 1479.9995758 0.1489433856 0.0880733384 333.64305486 0.0700000008 0.0339621103 332.81000682
 1510.0000000 286728.13734 7399768.1115 -1497.999564 1509.9995638 0.1373443210 0.1115400903 336.60304640 0.0299999984 0.0400699847 335.76999836
 1538.0000000 286728.12984 7399768.1240 -1525.999560 1537.9995600 0.1298388394 0.1240165122 323.00307044 0.0299999984 0.0076116695 322.17002239
 1567.0000000 286728.11992 7399768.1355 -1554.999556 1566.9995560 0.1199249639 0.1354937516 317.02305928 0.0299999984 0.0032376261 316.19001124
 1596.0000000 286728.10161 7399768.1529 -1583.999544 1595.9995444 0.1016094117 0.1529480945 313.35304575 0.0700000008 0.0414905399 312.51999771
 1624.0000000 286728.08180 7399768.1773 -1611.999527 1623.9995266 0.0817959763 0.1772807706 331.40306457 0.0599999969 0.0242766484 330.57001652
 1653.0000000 286728.07176 7399768.1977 -1640.999517 1652.9995174 0.0717553772 0.1976500805 340.98305141 0.0299999984 0.0318883345 340.15000336
 1681.0000000 286728.05580 7399768.2151 -1668.999507 1680.9995066 0.0557982641 0.2150946259 308.90306394 0.0700000008 0.0507240655 308.07001590
 1710.0000000 286728.04466 7399768.2435 -1697.999489 1709.9994887 0.0446580079 0.2435139213 9.9530481830 0.0700000008 0.0735599680 9.1200001393
 1738.0000000 286728.04275 7399768.2769 -1725.999468 1737.9994684 0.0427461074 0.2768750321 345.15306495 0.0700000008 0.0322102704 344.32001691
 1766.0000000 286728.02917 7399768.3050 -1753.999451 1765.9994508 0.0291659281 0.3049550494 323.18306312 0.0599999969 0.0285492791 322.35001507
 1789.0000000 286728.01547 7399768.3247 -1776.999438 1788.9994382 0.0154651199 0.3247304745 329.05305840 0.0599999969 0.0080143764 328.22001035
 1825.0000000 286728.06865 7399768.2666 -1812.999290 1824.9992896 0.0686533623 0.2665680246 140.44305254 0.3100000083 0.3078608637 139.61000450
 1851.0000000 286728.11439 7399768.1926 -1838.999124 1850.9991238 0.1143911692 0.1925643180 180.40306036 0.0900000020 0.2859808703 179.57001232
 1881.0000000 286728.14382 7399768.1952 -1868.999091 1880.9990908 0.1438155337 0.1952138618 48.963050451 0.1499999988 0.2201580083 48.130002407
 1910.0000000 286728.47792 7399767.9399 -1897.995063 1909.9950626 0.4779216730 -0.060079718 133.37304502 1.6399999233 1.6885117393 132.53999697
 1918.0000000 286728.65927 7399767.7621 -1905.991016 1917.9910162 0.6592725770 -0.237926628 136.83305183 1.9999999845 1.4108865737 136.00000378
 1928.0000000 286728.88567 7399767.4983 -1915.984969 1927.9849688 0.8856682817 -0.501662105 143.56304774 1.9899999472 0.7030941820 142.72999970
 1937.0000000 286729.04882 7399767.2300 -1924.979470 1936.9794702 1.0488226905 -0.769993358 155.38305540 2.0299998829 1.3858279321 154.55000735
 1946.0000000 286729.13149 7399766.9280 -1933.973966 1945.9739663 1.1314913938 -1.071964992 175.71305779 2.0200000591 2.3822728542 174.88000975
 1956.0000000 286729.08027 7399766.5932 -1943.968111 1955.9681105 1.0802654427 -1.406820454 203.63305674 1.9799999100 2.8967214995 202.80000870
 1965.0000000 286728.90906 7399766.3375 -1952.962786 1964.9627857 0.9090644130 -1.662479077 225.48304819 2.0100000218 2.5220877057 224.65000015
 1974.0000000 286728.65380 7399766.1613 -1961.957376 1973.9573760 0.6537996202 -1.838738859 246.93306100 2.0100000218 2.4931853455 246.10001295
 1985.0000000 286728.27907 7399766.0421 -1972.950319 1984.9503191 0.2790719548 -1.957942942 259.14305279 2.1099999676 1.2251312481 258.31000475
 1994.0000000 286727.92364 7399766.0059 -1981.943192 1993.9431918 -0.076364553 -1.994114460 270.06306652 2.4599999916 1.8570537914 269.23001848
 2003.0000000 286727.53007 7399766.0192 -1990.934568 2002.9345683 -0.469927195 -1.980833057 275.36305446 2.5599999375 0.8420456127 274.53000642
 2018.0000000 286726.86267 7399766.0787 -2005.919599 2017.9195993 -1.137333263 -1.921268499 276.50306914 2.5599999375 0.1018371186 275.67002110
 2032.0000000 286726.12278 7399766.1741 -2019.899537 2031.8995372 -1.877220973 -1.825920142 279.38304359 3.5499999992 2.1461071365 278.54999554
 2048.0000000 286724.92130 7399766.3084 -2035.853295 2047.8532947 -3.078702600 -1.691634178 275.70305081 5.1199998750 2.9880912106 274.87000277
 2062.0000000 286723.67218 7399766.4098 -2049.797107 2061.7971072 -4.327819057 -1.590159321 275.25306911 5.1500002002 0.1076141070 274.42002106
 2076.0000000 286722.32229 7399766.5179 -2063.731365 2075.7313648 -5.677708488 -1.482132470 275.54304714 5.9499997671 1.7153323906 274.70999910
 2090.0000000 286720.71098 7399766.6627 -2077.637269 2089.6372694 -7.289019411 -1.337346472 276.31306670 7.3199999646 2.9418332589 275.48001865
 2106.0000000 286718.46918 7399766.8419 -2093.477991 2105.4779911 -9.530819376 -1.158060204 274.65306299 8.8400005078 2.8830885767 273.82001494
 2119.0000000 286716.32025 7399766.9858 -2106.298076 2118.2980764 -11.67975415 -1.014170395 274.67305200 10.229999499 3.2076990334 273.84000396
 2134.0000000 286713.45380 7399767.1766 -2121.019992 2133.0199921 -14.54619510 -0.823388087 274.61305444 11.849999988 3.2400820261 273.78000640
 2149.0000000 286710.17057 7399767.3462 -2135.654864 2147.6548641 -17.82942958 -0.653835969 273.06306661 13.470000477 3.3101833149 272.23001856
 2164.0000000 286706.47564 7399767.4506 -2150.191924 2162.1919242 -21.52435962 -0.549442274 271.90306291 15.060000214 3.2308194007 271.07001487
 2177.0000000 286702.93634 7399767.5260 -2162.700412 2174.7004123 -25.06366270 -0.473968219 272.19304095 16.540001462 3.4202337868 271.35999290
 2192.0000000 286698.48601 7399767.6616 -2177.024182 2189.0241817 -29.51398700 -0.338381901 272.93306172 17.989999396 2.9330182762 272.10001368
 2205.0000000 286694.34894 7399767.8319 -2189.347138 2201.3471379 -33.65106493 -0.168057607 273.43306173 19.149999451 2.7020019887 272.60001369
 2220.0000000 286689.27798 7399768.0764 -2203.461842 2215.4618417 -38.72202219 0.0763830123 273.74305930 20.410000306 2.5287124711 272.91001126
 2234.0000000 286684.25855 7399768.3514 -2216.528207 2228.5282069 -43.74144725 0.3514150055 274.18306175 21.669999453 2.7211170085 273.35001371
 2249.0000000 286678.55996 7399768.6634 -2230.400058 2242.4000583 -49.44003750 0.6634171614 273.76304831 23.049999901 2.7784231508 272.93000027
 2264.0000000 286672.52751 7399768.9814 -2244.129923 2256.1299225 -55.47249034 0.9813965214 273.93306175 24.439999747 2.7833665773 273.10001370
 2279.0000000 286666.16567 7399769.3225 -2257.709793 2269.7097930 -61.83433280 1.3225167971 273.87306419 25.820000195 2.7604709571 273.04001614
 2292.0000000 286660.37966 7399769.6500 -2269.346735 2281.3467345 -67.62033837 1.6500013424 274.26304833 27.120000345 3.0266853809 273.43000028
 2307.0000000 286653.38116 7399770.0990 -2282.606530 2294.6065298 -74.61884287 2.0989951724 274.73304956 28.620000387 3.0319895069 273.90000152
 2321.0000000 286646.54030 7399770.5464 -2294.813413 2306.8134132 -81.45970382 2.5463682543 274.42305199 30.010000232 2.9962662353 273.59000395
 2337.0000000 286638.35962 7399771.0868 -2308.553466 2320.5534659 -89.64037909 3.0867719976 274.79304712 31.629998159 3.0582079075 273.95999908
 2350.0000000 286631.43430 7399771.5649 -2319.545277 2331.5452771 -96.56569908 3.5649440866 274.77305811 32.909999516 2.9539519181 273.94001006
 2365.0000000 286623.12176 7399772.1404 -2332.018340 2344.0183396 -104.8782387 4.1404476492 274.81306665 34.569998446 3.3202951609 273.98001861
 2378.0000000 286615.63883 7399772.6631 -2342.636405 2354.6364055 -112.3611671 4.6630836651 274.84306543 35.900000202 3.0694945956 274.01001739
 2392.0000000 286607.31528 7399773.2659 -2353.877774 2365.8777741 -120.6847152 5.2658711057 275.10304469 37.269999546 2.9544248024 274.26999665
 2406.0000000 286598.72143 7399773.9045 -2364.911894 2376.9118944 -129.2785708 5.9044581223 275.06306666 38.700002101 3.0647446060 274.23001862
 2421.0000000 286589.20101 7399774.5950 -2376.483377 2388.4833773 -138.7989861 6.5950139500 274.90306299 40.330002841 3.2663516808 274.07001495
 2434.0000000 286580.70306 7399775.2035 -2386.303342 2398.3033425 -147.2969445 7.2034571515 274.95305079 41.549997570 2.8163868214 274.12000275
 2449.0000000 286570.63997 7399775.9749 -2397.401067 2409.4010667 -157.3600297 7.9748822656 275.47307033 43.009998317 3.0026407360 274.64002229
 2463.0000000 286560.98685 7399776.7162 -2407.514759 2419.5147593 -167.0131525 8.7162480932 274.98304957 44.479998460 3.2325732754 274.15000153
 2477.0000000 286551.07405 7399777.4100 -2417.377648 2429.3776483 -176.9259473 9.4099686462 274.69304102 45.939999207 3.1595001075 273.85999297
 2491.0000000 286540.92431 7399778.0795 -2426.998446 2438.9984458 -187.0756855 10.079503946 274.52305810 47.240002772 2.7982591489 273.69001006
 2506.0000000 286529.81238 7399778.7912 -2437.050724 2449.0507237 -198.1876156 10.791215822 274.47307031 48.599999303 2.7210048583 273.64002226
 2519.0000000 286519.99095 7399779.4212 -2445.545898 2457.5458981 -208.0090501 11.421226170 274.53306787 49.789999257 2.7481525887 273.70001982
 2534.0000000 286508.44560 7399780.1525 -2455.095948 2467.0959481 -219.5544046 12.152512817 274.38304345 51.119997598 2.6700392214 273.54999541
 2548.0000000 286497.48203 7399780.8336 -2463.777512 2475.7775123 -230.5179678 12.833645470 274.39305321 52.229998960 2.3786338650 273.56000517
 2577.0000000 286474.57407 7399782.2086 -2481.511810 2493.5118104 -253.4259286 14.208629046 274.14305321 52.369997348 0.2506922040 273.31000516
 2606.0000000 286451.63914 7399783.4929 -2499.218062 2511.2180616 -276.3608583 15.492903985 273.93306175 52.369997348 0.1720416310 273.10001370
 2634.0000000 286429.52832 7399784.6846 -2516.360133 2528.3601334 -298.4716769 16.684594449 273.90306297 52.130001576 0.2583911520 273.07001492
 2663.0000000 286406.65613 7399785.9534 -2534.148443 2546.1484431 -321.3438685 17.953363962 274.11305443 52.200000770 0.1862216802 273.28000638
 2692.0000000 286383.77242 7399787.2388 -2551.920752 2563.9207525 -344.2275835 19.238774071 273.98304954 52.210000167 0.1067756483 273.15000150
 2720.0000000 286361.72790 7399788.4616 -2569.145766 2581.1457660 -366.2721018 20.461588835 274.03306785 51.860000783 0.3773719533 273.20001981
 2749.0000000 286338.95034 7399789.7211 -2587.055735 2599.0557352 -389.0496586 21.721103903 273.96306053 51.860000783 0.0569597021 273.13001248
 2776.0000000 286317.74604 7399790.8843 -2603.734239 2615.7342394 -410.2539567 22.884339595 273.98304954 51.839998574 0.0282664637 273.15000150
 2806.0000000 286294.19217 7399792.1765 -2622.274145 2634.2741448 -433.8078289 24.176470650 273.96306053 51.819999780 0.0254344683 273.13001248
 2834.0000000 286272.18919 7399793.4144 -2639.551152 2651.5511525 -455.8108101 25.414377160 274.14305321 51.980000376 0.2289519212 273.31000516
 2863.0000000 286249.37720 7399794.7557 -2657.411321 2669.4113207 -478.6227967 26.755685033 274.25306908 51.989999773 0.0902594845 273.42002104
 2891.0000000 286227.32621 7399796.0503 -2674.622871 2686.6228708 -500.6737904 28.050288401 274.13304344 52.150000370 0.1991903704 273.29999540
 2920.0000000 286204.45396 7399797.2890 -2692.413213 2704.4132135 -523.5460411 29.288997198 273.73304953 52.169999164 0.3274325635 272.90000149
 2949.0000000 286181.57256 7399798.4121 -2710.199523 2722.1995231 -546.4274368 30.412092954 273.55305685 52.169999164 0.1470665307 272.72000881
 2979.0000000 286157.86349 7399799.4285 -2728.557834 2740.5578335 -570.1365095 31.428456914 273.02305806 52.369997348 0.4644440657 272.19001002
 3008.0000000 286134.81647 7399800.1501 -2746.149715 2758.1497146 -593.1835252 32.150127847 272.23304949 52.939997125 0.8773860198 271.40000145
 3023.0000000 286122.78936 7399800.3006 -2755.114304 2767.1143039 -605.2106400 32.300608220 270.87306410 53.659998101 2.6132881381 270.04001606
 3036.0000000 286112.28987 7399800.2032 -2762.781337 2774.7813372 -615.7101254 32.203219712 269.73304942 54.060001299 2.3164247792 268.90000138
 3051.0000000 286100.09606 7399799.8097 -2771.510258 2783.5102578 -627.9039354 31.809726791 268.24305915 54.769999464 2.8087960193 267.41001110
 3065.0000000 286088.63063 7399799.1995 -2779.523378 2791.5233785 -639.3693746 31.199471902 267.33305546 55.400002452 2.0926707574 266.50000742
 3081.0000000 286075.43816 7399798.2137 -2788.525104 2800.5251039 -652.5618364 30.213701999 265.79304687 56.129999410 2.7517215154 264.95999883
 3093.0000000 286065.48414 7399797.2391 -2795.158059 2807.1580586 -662.5158620 29.239104280 264.69304074 56.759998984 2.7807418171 263.85999269
 3109.0000000 286052.15830 7399795.6485 -2803.872533 2815.8725329 -675.8416969 27.648490360 263.36305413 57.240000773 2.2768181663 262.53000608
 3122.0000000 286041.30440 7399794.1092 -2810.862373 2822.8623734 -686.6956034 26.109246779 262.16304189 57.709996335 2.5745084330 261.32999384
 3139.0000000 286027.06061 7399791.6989 -2819.826133 2831.8261329 -700.9393894 23.698882289 260.30305648 58.650001120 3.2449654619 259.47000844
 3150.0000000 286017.80490 7399789.9163 -2825.498987 2837.4989865 -710.1951033 21.916317491 259.56306623 59.259998484 2.3994392950 258.73001819
 3165.0000000 286005.14428 7399787.2141 -2833.078486 2845.0784858 -722.8557165 19.214116311 258.01304788 60.039999257 3.0967597852 257.17999983
 3178.0000000 285994.16137 7399784.5760 -2839.516699 2851.5166988 -733.8386327 16.575959275 256.64305272 60.590000240 3.0256616797 255.81000468
 3195.0000000 285979.80539 7399780.7109 -2847.764078 2859.7640784 -748.1946071 12.710941032 254.89305267 61.370001013 3.0310183928 254.06000463
 3208.0000000 285968.82568 7399777.4467 -2853.914370 2865.9143702 -759.1743240 9.4466601200 253.66305691 62.160001183 3.0946664653 252.83000887
 3224.0000000 285955.31232 7399773.0287 -2861.256891 2873.2568913 -772.6876833 5.0286672181 251.80305625 63.209999334 3.6710815127 250.97000820
 3236.0000000 285945.19600 7399769.4241 -2866.614202 2878.6142024 -782.8040003 1.4241442401 250.64305255 63.760000317 2.9367349056 249.81000451
 3252.0000000 285931.73936 7399764.3174 -2873.606961 2885.6069609 -796.2606372 -3.682613114 249.46305985 64.410002100 2.3335349197 248.63001180
 3265.0000000 285920.83805 7399759.9293 -2879.169915 2891.1699154 -807.1619536 -8.070696827 248.35305920 64.919998665 2.5971276454 247.52001116
 3280.0000000 285908.31017 7399754.5645 -2885.440514 2897.4405137 -819.6898302 -13.43551339 246.95305001 65.660001850 2.9428381487 246.12000197
 3294.0000000 285896.65797 7399749.2945 -2891.141595 2903.1415946 -831.3420276 -18.70552184 246.04306158 66.279998611 2.2219128603 245.21001354
 3311.0000000 285882.55451 7399742.5560 -2897.830642 2909.8306417 -845.4454929 -25.44403236 244.55305605 67.379993747 3.1002125790 243.72000800
 3323.0000000 285872.64185 7399737.5441 -2902.375480 2914.3754797 -855.3581520 -30.45592672 243.47305419 68.109997535 3.0943301729 242.64000614
 3340.0000000 285858.68854 7399730.0662 -2908.575916 2920.5759158 -869.3114560 -37.93380456 241.82306024 69.109998702 3.2348740247 240.99001220
 3352.0000000 285848.92458 7399724.5091 -2912.797169 2924.7971685 -879.0754174 -43.49093220 240.55305594 69.699997272 3.3179536520 239.72000789
 3367.0000000 285836.85889 7399717.2113 -2917.916728 2929.9167281 -891.1411092 -50.78866378 238.78305161 70.389996643 3.6022441215 237.95000357
 3382.0000000 285824.97965 7399709.5052 -2922.871091 2934.8710909 -903.0203509 -58.49483466 236.94305522 71.039998425 3.7087618015 236.11000718
 3396.0000000 285814.06158 7399701.9559 -2927.326303 2939.3263031 -913.9384249 -66.04411303 235.40306190 71.849997389 3.5776535250 234.57001385
 3411.0000000 285802.53073 7399693.5285 -2931.916918 2943.9169180 -925.4692652 -74.47147717 233.94305514 72.509998569 3.0773696901 233.11000710
 3425.0000000 285791.93396 7399685.3631 -2936.050007 2948.0500075 -936.0660441 -82.63688918 232.49305815 73.150000954 3.2701098933 231.66001011
 3440.0000000 285780.76002 7399676.2865 -2940.270221 2952.2702212 -947.2399796 -91.71347943 231.00305262 74.170000914 3.5126721496 230.17000457
 3456.0000000 285769.02212 7399666.2410 -2944.437038 2956.4370380 -958.9778762 -101.7589915 229.55305563 75.640001058 3.8061416511 228.72000759
 3469.0000000 285759.64215 7399657.8143 -2947.607454 2959.6074542 -968.3578458 -110.1857206 228.24305803 76.129998829 3.1422906692 227.41000999
 3484.0000000 285749.04553 7399647.7967 -2951.130971 2963.1309710 -978.9544691 -120.2032929 226.64305189 76.699998605 3.3127905714 225.81000384
 3497.0000000 285740.05522 7399638.8481 -2953.983507 2965.9835072 -987.9447810 -129.1518649 225.29306100 77.949998356 4.1903192815 224.46001296
 3512.0000000 285729.88189 7399628.2315 -2956.957426 2968.9574263 -998.1181093 -139.7684870 223.93306036 79.179999312 3.6275196499 223.10001231
 3528.0000000 285719.24162 7399616.6151 -2959.768825 2971.7688249 -1008.758376 -151.3849244 222.71305910 80.580003677 3.4585399538 221.88001106
 3543.0000000 285709.49088 7399605.4429 -2962.039104 2974.0391036 -1018.509124 -162.5571012 221.18306028 82.009999402 4.1627075614 220.35001224
 3557.0000000 285700.60262 7399594.7727 -2963.826506 2975.8265065 -1027.397384 -173.2273391 220.07305964 83.320002364 3.6667724603 219.24001159
 3570.0000000 285692.53593 7399584.6711 -2965.215869 2977.2158690 -1035.464072 -183.3289382 218.81304984 84.410004933 3.8321227111 217.98000179
 3585.0000000 285683.51099 7399572.7614 -2966.544141 2978.5441412 -1044.489014 -195.2385760 217.16305589 85.429998063 3.8685635086 216.33000785
 3600.0000000 285674.84092 7399560.5657 -2967.614071 2979.6140706 -1053.159076 -207.4343020 215.32305951 86.390001641 4.1424097065 214.49001146
 3614.0000000 285667.06893 7399548.9472 -2968.426103 2980.4261031 -1060.931067 -219.0528468 213.90306130 86.960001418 3.2740827182 213.07001325
 3629.0000000 285659.09627 7399536.2647 -2969.230818 2981.2308180 -1068.903733 -231.7353185 212.07305942 86.889998809 3.6574139816 211.24001137
 3643.0000000 285652.00958 7399524.2122 -2969.985529 2981.9855291 -1075.990425 -243.7878068 210.50305205 86.929996397 3.3605029183 209.67000400
 3658.0000000 285644.68406 7399511.1449 -2970.794111 2982.7941105 -1083.315944 -256.8551175 209.71305874 86.889998809 1.5797161277 208.88001070
 3672.0000000 285637.80849 7399498.9700 -2971.541479 2983.5414793 -1090.191512 -269.0299656 210.86305267 86.989999609 2.4700713144 210.03000462
 3689.0000000 285629.10812 7399484.3838 -2972.328996 2984.3289963 -1098.891883 -283.6162032 212.43306004 87.699997773 3.0380115136 211.60001199
 3702.0000000 285622.19709 7399473.3879 -2972.942527 2984.9425274 -1105.802908 -294.6121061 213.53305091 86.889998809 3.1501166557 212.70000287
 3717.0000000 285613.98014 7399460.8621 -2973.751122 2985.7511222 -1114.019856 -307.1379171 214.66305583 86.929996397 2.2581411969 213.83000778
 3731.0000000 285606.18167 7399449.2567 -2974.502127 2986.5021270 -1121.818333 -318.7433140 214.80305522 86.919997000 0.3003320951 213.97000717
 3760.0000000 285590.02730 7399425.2345 -2976.300301 2988.3003006 -1137.972697 -342.7654893 214.70304911 85.969999649 0.9881652574 213.87000107
 3779.0000000 285579.46702 7399409.4865 -2977.564465 2989.5644649 -1148.532981 -358.5135460 214.65306132 86.400001038 0.6835016787 213.82001327
 3790.0000000 285573.29347 7399400.4108 -2978.310727 2990.3107266 -1154.706534 -367.5892144 215.46305890 85.820001865 2.7128753467 214.63001086
 3818.0000000 285557.27866 7399377.5222 -2980.283430 2992.2834298 -1170.721336 -390.4777598 216.16305587 86.099998639 0.8060396284 215.33000782
 3847.0000000 285540.48999 7399353.9114 -2981.631718 2993.6317181 -1187.510006 -414.0886465 216.33305404 88.569999949 2.5612044274 215.50000600
 3875.0000000 285524.12764 7399331.1867 -2981.790534 2993.7905343 -1203.872362 -436.8132910 216.84304856 90.779996447 2.4300742421 216.01000052
 3905.0000000 285506.53351 7399306.8857 -2981.332404 2993.3324041 -1221.466490 -461.1142753 216.63305710 90.969998650 0.2831729625 215.80000906
 3934.0000000 285490.00410 7399283.0586 -2980.849004 2992.8490037 -1237.995898 -484.9414447 214.53305094 90.940000459 2.1723400137 213.70000289
 3962.0000000 285474.24116 7399259.9161 -2980.404299 2992.4042989 -1253.758835 -508.0838547 215.65306135 90.879997247 1.2015808308 214.82001330
 3991.0000000 285457.70633 7399236.0900 -2979.958910 2991.9589097 -1270.293671 -531.9099748 215.53305097 90.879997247 0.1241340256 214.70000292
 4018.0000000 285442.50224 7399213.7764 -2979.544229 2991.5442292 -1285.497759 -554.2235565 214.67305033 90.879997247 0.9554435553 213.84000229
 4047.0000000 285426.57173 7399189.5428 -2979.083644 2991.0836442 -1301.428271 -578.4571537 213.63305702 90.940000459 1.0775088014 212.80000897
 4076.0000000 285410.92969 7399165.1215 -2978.630661 2990.6306614 -1317.070311 -602.8785157 213.31304968 90.849999056 0.3438467868 212.48000164
 4113.0000000 285391.13048 7399133.8624 -2978.062403 2990.0624031 -1336.869524 -634.1375650 213.05305517 90.910002268 0.2163233244 212.22000713
