# WELL TRACE FROM PETREL 
# WELL NAME:              8-PPT-9HP-RJS
# DEFINITIVE SURVEY:      Explicit survey 1
# WELL HEAD X-COORDINATE: 291375.89400000 (m)
# WELL HEAD Y-COORDINATE: 7399083.77100000 (m)
# WELL DATUM (KB, Kelly bushing, from MSL): 12.00000000 (m)
# WELL TYPE:              INJECTION WATER
# MD AND TVD ARE REFERENCED (=0) AT WELL DATUM AND INCREASE DOWNWARDS
# ANGLES ARE GIVEN IN DEGREES
# XYZ TRACE IS GIVEN IN COORDINATE SYSTEM BRAZIL SIRGAS 2000 (WGS84) UTM24S CM 39W (Brazil SIRGAS 2000 (WGS84) UTM24S Lon range 42W - 36W) [Chevron,720787]
# AZIM_TN: azimuth in True North 
# AZIM_GN: azimuth in Grid North 
# DX DY ARE GIVEN IN GRID NORTH IN m-UNITS
# DEPTH (Z, tvd_z) GIVEN IN m-UNITS
#===============================================================================================================================================
      MD            X            Y            Z           TVD           DX          DY        AZIM_TN        INCL         DLS        AZIM_GN
#===============================================================================================================================================
 0.0000000000 291375.89400 7399083.7710 12.000000000 0.0000000000 -0.000000000 0.0000000000 0.8151487423 0.0000000000 0.0000000000 360.00000000
 1354.0000000 291375.89400 7399083.7710 -1342.000000 1354.0000000 -0.000000000 0.0000000000 0.8151487423 0.0000000000 0.0000000000 360.00000000
 1368.0000000 291375.95951 7399083.9513 -1355.998248 1367.9982481 0.0655139974 0.1802918976 20.785148611 1.5700000892 3.3642859055 19.969999869
 1381.0000000 291376.09158 7399084.2156 -1368.994826 1380.9948258 0.1975769735 0.4445963632 37.135149448 1.0599998957 1.4497716204 36.320000705
 1394.0000000 291376.16717 7399084.4225 -1381.992901 1393.9929010 0.2731677411 0.6514631826 3.0851487864 0.9699999871 1.3858409723 2.2700000440
 1440.0000000 291376.46381 7399085.1468 -1427.985976 1439.9859758 0.5698130640 1.3758447794 40.805151534 1.0900000076 0.4405374618 39.990002791
 1469.0000000 291376.82467 7399085.5775 -1456.980533 1468.9805333 0.9306673959 1.8065126725 40.745150159 1.1299999432 0.0413967048 39.930001416
 1498.0000000 291377.15178 7399085.9834 -1485.975834 1497.9758341 1.2577834231 2.2123599146 38.395151619 0.9300000515 0.2114179942 37.580002877
 1528.0000000 291377.43587 7399086.3659 -1515.972050 1527.9720505 1.5418667489 2.5948507944 36.395151563 0.8899999558 0.0510719879 35.580002821
 1556.0000000 291377.67993 7399086.6959 -1543.969038 1555.9690384 1.7859343092 2.9248956293 38.315149786 0.7900000099 0.1112914562 37.500001043
 1585.0000000 291377.90701 7399087.0155 -1572.966388 1584.9663877 2.0130105987 3.2444639429 34.025148751 0.7600000048 0.0675525408 33.210000009
 1614.0000000 291378.12867 7399087.3200 -1601.963940 1613.9639400 2.2346663862 3.5489702802 39.825148149 0.7299999997 0.0839146339 39.009999407
 1642.0000000 291378.33570 7399087.6010 -1629.961763 1641.9617628 2.4416951882 3.8300188491 34.445150746 0.6999999946 0.0787476261 33.630002004
 1670.0000000 291378.54670 7399087.8689 -1657.959682 1669.9596820 2.6527039673 4.0979225356 43.635149629 0.6999999946 0.1201649223 42.820000886
 1699.0000000 291378.73548 7399088.1259 -1686.957914 1698.9579136 2.8414786332 4.3549257545 29.095150216 0.5699999902 0.2131557681 28.280001474
 1728.0000000 291378.88148 7399088.3529 -1715.956653 1727.9566534 2.9874825052 4.5819033375 38.665148270 0.4999999961 0.1171860835 37.849999527
 1756.0000000 291379.04891 7399088.5503 -1743.955456 1755.9554555 3.1549116772 4.7792824283 43.315149925 0.5600000063 0.0790477855 42.500001183
 1785.0000000 291379.24089 7399088.7913 -1772.953813 1784.9538128 3.3468885403 5.0203349832 35.985147890 0.6600000056 0.1310191331 35.169999148
 1814.0000000 291379.41285 7399089.0507 -1801.952140 1813.9521402 3.5188535260 5.2796725873 32.485149700 0.5699999902 0.1008465527 31.670000958
 1843.0000000 291379.59893 7399089.2921 -1830.950532 1842.9505321 3.7049275952 5.5210615443 43.745150242 0.6399999844 0.1423810514 42.930001500
 1871.0000000 291379.78933 7399089.5053 -1858.949069 1870.9490688 3.8953274495 5.7342679463 41.175150476 0.5299999479 0.1211346042 40.360001733
 1899.0000000 291379.95112 7399089.7253 -1886.947734 1898.9477341 4.0571165403 5.9542772267 33.525148737 0.5899999581 0.1025779965 32.709999995
 1928.0000000 291380.11324 7399089.9478 -1915.946423 1927.9464227 4.2192438054 6.1768002771 40.865149094 0.4999999961 0.1176521572 40.050000351
 1957.0000000 291380.29815 7399090.1523 -1944.945109 1956.9451088 4.4041457224 6.3813466374 44.675150573 0.5899999581 0.1003177473 43.860001831
 1985.0000000 291380.47133 7399090.3541 -1972.943842 1984.9438423 4.5773279725 6.5830826964 37.665148242 0.4999999961 0.1198381865 36.849999499
 2014.0000000 291380.64378 7399090.5625 -2001.942578 2013.9425780 4.7497776255 6.7915467005 42.825148233 0.5699999902 0.0878390857 42.009999490
 2043.0000000 291380.80364 7399090.7966 -2030.941185 2042.9411850 4.9096407897 7.0255557597 27.345150167 0.5600000063 0.1577647616 26.530001425
 2071.0000000 291380.95085 7399091.0285 -2058.939833 2070.9398330 5.0568506885 7.2575063817 38.985147973 0.5699999902 0.1232306097 38.169999231
 2100.0000000 291381.12086 7399091.2521 -2087.938472 2099.9384723 5.2268648025 7.4811212849 37.085150209 0.5400000385 0.0364048699 36.270001467
 2128.0000000 291381.29019 7399091.4915 -2115.936932 2127.9369322 5.3961942556 7.7204996888 35.275148786 0.6600000056 0.1301493449 34.460000043
 2157.0000000 291381.48047 7399091.7753 -2144.934920 2156.9349196 5.5864687121 8.0042827893 34.065149668 0.6900000107 0.0343580223 33.250000925
 2180.0000000 291381.63341 7399092.0110 -2167.933203 2179.9332030 5.7394076869 8.2400486469 33.515150415 0.7099999785 0.0275195353 32.700001673
 2206.0000000 291381.77334 7399092.3108 -2193.931087 2205.9310867 5.8793382883 8.5397726381 18.675149850 0.7600000048 0.2263861953 17.860001107
 2224.0000000 291381.77313 7399092.5577 -2211.929340 2223.9293404 5.8791275905 8.7866618279 345.36514612 0.8799999718 0.8064645060 344.54999738
 2234.0000000 291381.71454 7399092.6838 -2221.928360 2233.9283600 5.8205419508 8.9128190931 324.63516508 0.7399999836 0.9670678244 323.82001634
 2253.0000000 291381.50615 7399092.8201 -2240.926660 2252.9266601 5.6121542961 9.0490841335 286.12515424 0.8500000201 0.8439620890 285.31000550
 2263.0000000 291381.29348 7399092.8794 -2250.924135 2262.9241355 5.3994829126 9.1084186435 286.54516768 1.6799999656 2.4901384948 285.73001894
 2281.0000000 291380.59716 7399092.9286 -2268.910188 2280.9101881 4.7031621551 9.1575585678 267.91516228 2.8199998394 2.2334924247 267.10001354
 2298.0000000 291379.62308 7399092.7670 -2285.881168 2297.8811684 3.7290806819 8.9960310096 256.65515220 3.8699996979 2.1772343398 255.84000346
 2310.0000000 291378.72730 7399092.5138 -2297.844804 2309.8448041 2.8333023174 8.7427650271 253.77516250 5.0300001798 2.9524108417 252.96001375
 2329.0000000 291376.94000 7399091.7576 -2316.744488 2328.7444883 1.0460014413 7.9866077788 243.48515366 6.7399995102 3.1622065571 242.67000492
 2338.0000000 291375.99938 7399091.2599 -2325.681366 2337.6813665 0.1053824335 7.4889115002 242.38516279 6.8400003099 0.5468335702 241.57001405
 2367.0000000 291373.51317 7399089.7002 -2354.530694 2366.5306936 -2.380832087 5.9292190950 233.49514789 4.8099997866 2.2919706872 232.67999915
 2396.0000000 291372.01506 7399088.2831 -2383.456181 2395.4561806 -3.878943444 4.5120589761 218.80516030 3.4100001177 1.8008750555 217.99001156
 2411.0000000 291371.52705 7399087.5381 -2398.429666 2410.4296663 -4.366951593 3.7671002569 209.29515027 3.4200001549 1.1318590864 208.48000153
 2426.0000000 291371.16466 7399086.7270 -2413.403291 2425.4032906 -4.729341556 2.9559996855 200.44515918 3.3900000431 1.0519249830 199.63001044
 2454.0000000 291370.74231 7399085.1269 -2441.354238 2453.3542380 -5.151687742 1.3558763377 190.78515525 3.4100001177 0.6134687479 189.97000651
 2483.0000000 291370.35026 7399083.4364 -2470.302235 2482.3022351 -5.543742669 -0.334583851 196.91516030 3.4600000906 0.3832670616 196.10001156
 2512.0000000 291369.71526 7399081.8216 -2499.250137 2511.2501375 -6.178741683 -1.949390847 207.69515938 3.4299999788 0.6698397799 206.88001064
 2541.0000000 291368.78676 7399080.3592 -2528.198205 2540.1982055 -7.107235776 -3.411838693 218.72515847 3.4500000533 0.6839150465 217.91000973
 2571.0000000 291367.58749 7399079.0148 -2558.143997 2570.1439971 -8.306510238 -4.756220248 226.37515258 3.4500000533 0.4600167337 225.56000384
 2600.0000000 291366.33375 7399077.8152 -2587.092052 2599.0920524 -9.560251040 -5.955750800 227.79515079 3.4100001177 0.0971373058 226.98000204
 2615.0000000 291365.60452 7399077.1833 -2602.060920 2614.0609198 -10.28947919 -6.587682518 231.71514906 3.9700000706 1.2277728018 230.90000032
 2629.0000000 291364.70251 7399076.4970 -2616.014638 2628.0146385 -11.19148803 -7.274031486 234.91516136 5.3200001936 2.9445564342 234.10001262
 2646.0000000 291363.14268 7399075.4401 -2632.908959 2644.9089588 -12.75132033 -8.330901509 237.97515900 7.4099996598 3.7352048353 237.16001026
 2658.0000000 291361.70150 7399074.4863 -2644.783425 2656.7834247 -14.19249874 -9.284691179 236.78515653 9.1499997424 4.3708165836 235.97000779
 2674.0000000 291359.36967 7399072.8718 -2660.529180 2672.5291796 -16.52432732 -10.89915442 235.57514978 11.269999961 3.9950750235 234.76000104
 2687.0000000 291357.16991 7399071.2672 -2673.240441 2685.2404406 -18.72408855 -12.50380421 233.94516011 12.910000097 3.8653792376 233.13001137
 2703.0000000 291354.16357 7399068.9600 -2688.784766 2700.7847658 -21.73043208 -14.81098114 232.74514787 14.490000437 3.0098914999 231.92999913
 2715.0000000 291351.71580 7399067.0248 -2700.371880 2712.3718796 -24.17820493 -16.74615621 232.24514786 15.649998785 2.9181238255 231.42999912
 2730.0000000 291348.42468 7399064.4067 -2714.770138 2726.7701381 -27.46932074 -19.36426769 232.37515274 16.909999640 2.5210540789 231.56000400
 2743.0000000 291345.36859 7399061.9997 -2727.174431 2739.1744313 -30.52541309 -21.77126246 232.79515093 17.909999098 2.3258267834 231.98000218
 2760.0000000 291341.10379 7399058.6366 -2743.283238 2755.2832378 -34.79020851 -25.13439106 232.33515946 19.350001051 2.5543578130 231.52001072
 2772.0000000 291337.89690 7399056.0871 -2754.562199 2766.5621987 -37.99710215 -27.68391254 232.32514969 20.569999195 3.0500073127 231.51000095
 2788.0000000 291333.33612 7399052.4646 -2769.464235 2781.4642347 -42.55788213 -31.30639035 232.38516251 22.120001344 2.9065422470 231.57001377
 2800.0000000 291329.69376 7399049.5868 -2780.530017 2792.5300170 -46.20024011 -34.18418601 232.61515824 23.389999888 3.1827704059 231.80000950
 2816.0000000 291324.54519 7399045.5225 -2795.123455 2807.1234546 -51.34881448 -38.24848694 232.44516007 25.009999523 3.0403053295 231.63001133
 2828.0000000 291320.48180 7399042.2977 -2805.944343 2817.9443429 -55.41220277 -41.47329675 232.31515518 26.209998874 3.0032841932 231.50000644
 2845.0000000 291314.45615 7399037.4550 -2821.084877 2833.0848767 -61.43784701 -46.31596144 231.75515761 27.879998909 2.9810872852 230.94000887
 2858.0000000 291309.62882 7399033.5426 -2832.503822 2844.5038217 -66.26517869 -50.22844264 231.82514968 29.220000062 3.0932732338 231.01000094
 2874.0000000 291303.37571 7399028.4611 -2846.326580 2858.3265804 -72.51828891 -55.30988165 231.61515822 31.250000585 3.8114058609 230.80000947
 2887.0000000 291298.02224 7399024.1045 -2857.343013 2869.3430128 -77.87175583 -59.66652545 231.73515334 32.880001325 3.7644100413 230.92000459
 2903.0000000 291291.11927 7399018.4605 -2870.628018 2882.6280181 -84.77473128 -65.31046217 231.36515821 34.849998636 3.7139038482 230.55000947
 2915.0000000 291285.74039 7399014.0344 -2880.399639 2892.3996393 -90.15361346 -69.73659414 231.36515821 36.110001198 3.1500064056 230.55000947
 2932.0000000 291277.85672 7399007.5141 -2893.976805 2905.9768055 -98.03727798 -76.25687908 231.08515942 37.880000326 3.1376405468 230.27001068
 2945.0000000 291271.62692 7399002.3514 -2904.152643 2916.1526433 -104.2670826 -81.41959394 231.24514783 39.089999073 2.8017394815 230.42999909
 2962.0000000 291263.20013 7398995.3699 -2917.162369 2929.1623685 -112.6938652 -88.40110742 231.10514844 41.040001005 3.4448503040 230.28999969
 2975.0000000 291256.53016 7398989.8374 -2926.853273 2938.8532727 -119.3638405 -93.93361569 231.17515576 42.560001549 3.5093455626 230.36000702
 2991.0000000 291248.02227 7398982.8322 -2938.452956 2950.4529561 -127.8717307 -100.9387514 231.51515211 44.500000669 3.6638901423 230.70000337
 3004.0000000 291240.84905 7398977.0033 -2947.595189 2959.5951886 -135.0449496 -106.7676915 231.91516128 46.119998597 3.7956040916 231.10001253
 3020.0000000 291231.69349 7398969.6931 -2958.492409 2970.4924086 -144.2005113 -114.0779335 232.49514787 48.020000130 3.6503704302 231.67999912
 3033.0000000 291224.01022 7398963.6428 -2967.058539 2979.0585391 -151.8837769 -120.1281652 232.69516008 49.540000673 3.5248300793 231.88001134
 3049.0000000 291214.28679 7398956.0548 -2977.251551 2989.2515512 -161.6072095 -127.7162335 232.99514788 51.309999800 3.3469407953 232.17999914
 3062.0000000 291206.19468 7398949.7859 -2985.266609 2997.2666095 -169.6993240 -133.9851099 233.10514849 52.559999550 2.8915291772 232.28999975
 3079.0000000 291195.35365 7398941.4467 -2995.363781 3007.3637810 -180.5403535 -142.3242542 233.38516254 54.560001883 3.5517266318 232.57001380
 3091.0000000 291187.51100 7398935.4605 -3002.195811 3014.1958114 -188.3829969 -148.3105162 233.53515644 56.029998611 3.6878970024 232.72000770
 3106.0000000 291177.50790 7398927.8498 -3010.383726 3022.3837257 -198.3861022 -155.9211569 233.56515522 57.799997738 3.5403550983 232.75000648
 3120.0000000 291167.97906 7398920.6264 -3017.667167 3029.6671669 -207.9149432 -163.1445804 233.73515339 59.499997671 3.6561146576 232.92000465
 3134.0000000 291158.29549 7398913.2800 -3024.616132 3036.6161325 -217.5985108 -170.4910305 233.52516193 60.979997212 3.1953922250 232.71001319
 3147.0000000 291149.19030 7398906.3285 -3030.764097 3042.7640965 -226.7037000 -177.4425470 233.38516254 62.569996949 3.6802543553 232.57001380
 3163.0000000 291137.83787 7398897.6188 -3037.926743 3049.9267429 -238.0561323 -186.1521634 233.25515765 64.239998691 3.1388295737 232.44000891
 3176.0000000 291128.50904 7398890.4437 -3043.451502 3055.4515024 -247.3849562 -193.3272709 233.24514789 65.460000251 2.8154658546 232.42999914
 3192.0000000 291116.90343 7398881.5272 -3049.920844 3061.9208443 -258.9905700 -202.2437984 233.31515521 66.839998991 2.5902810791 232.50000647
 3205.0000000 291107.39365 7398874.2089 -3054.924996 3066.9249955 -268.5003493 -209.5621224 233.15515155 67.879997745 2.4240702595 232.34000280
 3222.0000000 291094.87734 7398864.5158 -3061.124976 3073.1249759 -281.0166574 -219.2552182 232.96514910 69.339998492 2.5953170168 232.15000036
 3234.0000000 291085.98870 7398857.5823 -3065.241938 3077.2419383 -289.9052998 -226.1886658 232.75515764 70.529995030 3.0155800747 231.94000890
 3250.0000000 291074.03637 7398848.2695 -3070.386168 3082.3861679 -301.8576270 -235.5015046 233.02516192 71.959997586 2.7237682061 232.21001318
 3263.0000000 291064.23751 7398840.6632 -3074.280120 3086.2801201 -311.6564910 -243.1078076 232.96514910 73.179999145 2.8184869761 232.15000036
 3279.0000000 291052.12900 7398831.1908 -3078.719739 3090.7197388 -323.7649973 -252.5801765 232.59515397 74.599995473 2.7446422075 231.78000523
 3292.0000000 291042.27904 7398823.3809 -3082.039387 3094.0393872 -333.6149596 -260.3901286 232.21514908 75.809997636 2.9181919982 231.40000034
 3309.0000000 291029.37126 7398813.0452 -3085.991980 3097.9919799 -346.5227415 -270.7257912 232.04515090 77.300003403 2.6455598161 231.23000216
 3322.0000000 291019.44861 7398805.0971 -3088.713642 3100.7136424 -356.4453884 -278.6738809 232.19516006 78.529997529 2.8585601764 231.38001132
 3340.0000000 291005.67301 7398794.0548 -3092.232969 3104.2329685 -370.2209869 -289.7161935 232.00515762 78.919994501 0.7203748466 231.19000887
 3351.0000000 290997.25025 7398787.2767 -3094.268681 3106.2686811 -378.6437536 -296.4943485 231.97515884 79.749999089 2.2650762735 231.16001009
 3356.0000000 290993.41420 7398784.1891 -3095.139498 3107.1394980 -382.4797952 -299.5819219 231.99514785 80.189999875 2.6426450206 231.17999911
