# WELL TRACE FROM PETREL 
# WELL NAME:              8-PPT-5A-RJS
# DEFINITIVE SURVEY:      Explicit survey 1
# WELL HEAD X-COORDINATE: 286575.00000000 (m)
# WELL HEAD Y-COORDINATE: 7393835.00000000 (m)
# WELL DATUM (KB, Kelly bushing, from MSL): 22.00000000 (m)
# WELL TYPE:              INJECTION WATER
# MD AND TVD ARE REFERENCED (=0) AT WELL DATUM AND INCREASE DOWNWARDS
# ANGLES ARE GIVEN IN DEGREES
# XYZ TRACE IS GIVEN IN COORDINATE SYSTEM BRAZIL SIRGAS 2000 (WGS84) UTM24S CM 39W (Brazil SIRGAS 2000 (WGS84) UTM24S Lon range 42W - 36W) [Chevron,720787]
# AZIM_TN: azimuth in True North 
# AZIM_GN: azimuth in Grid North 
# DX DY ARE GIVEN IN GRID NORTH IN m-UNITS
# DEPTH (Z, tvd_z) GIVEN IN m-UNITS
#===============================================================================================================================================
      MD            X            Y            Z           TVD           DX          DY        AZIM_TN        INCL         DLS        AZIM_GN
#===============================================================================================================================================
 0.0000000000 286575.00000 7393835.0000 22.000000000 0.0000000000 -0.000000001 0.0000000000 0.8357752890 0.0000000000 0.0000000000 0.0000000001
 1167.0000000 286575.00000 7393835.0000 -1145.000000 1167.0000000 -0.000000001 0.0000000000 35.155775939 0.0000000000 0.0000000000 34.320000650
 1207.0000000 286575.04330 7393835.0634 -1184.999902 1206.9999017 0.0433048253 0.0634349240 35.155775939 0.2199999930 0.1649999947 34.320000650
 1237.0000000 286575.06297 7393835.1454 -1214.999771 1236.9997711 0.0629695591 0.1453564633 340.37579328 0.1400000016 0.1802057697 339.54001799
 1264.0000000 286575.04553 7393835.2254 -1241.999645 1263.9996446 0.0455346265 0.2254020497 353.98577901 0.2099999957 0.0899320597 353.15000372
 1295.0000000 286575.07216 7393835.3049 -1272.999517 1294.9995167 0.0721570809 0.3048739769 56.215777898 0.1499999988 0.1867685370 55.380002609
 1323.0000000 286575.07857 7393835.3899 -1300.999358 1322.9993585 0.0785730059 0.3898741081 340.52578718 0.2800000032 0.3033064538 339.69001189
 1351.0000000 286575.03758 7393835.5050 -1328.999091 1350.9990907 0.0375841025 0.5049741492 342.13577258 0.2199999930 0.0647185085 341.29999729
 1379.0000000 286575.00910 7393835.6085 -1356.998885 1378.9988848 0.0091038608 0.6084768455 348.76577765 0.2199999930 0.0272604943 347.93000236
 1409.0000000 286574.99318 7393835.7380 -1386.998599 1408.9985990 -0.006817098 0.7380214417 357.80578644 0.2800000032 0.0716259425 356.97001115
 1436.0000000 286574.98639 7393835.8102 -1413.998480 1435.9984798 -0.013613065 0.8101612190 332.93579063 0.0299999984 0.2812185994 332.10001535
 1465.0000000 286574.99184 7393835.8538 -1442.998440 1464.9984404 -0.008161326 0.8537557460 14.555775938 0.1499999988 0.1335721194 13.720000649
 1494.0000000 286575.00978 7393835.9223 -1471.998354 1493.9983537 0.0097752815 0.9223088287 16.585775727 0.1299999910 0.0213132574 15.750000438
 1522.0000000 286575.03977 7393835.9730 -1499.998290 1521.9982902 0.0397664082 0.9729725737 47.605777048 0.1199999937 0.0723669243 46.770001759
 1549.0000000 286575.06749 7393836.0461 -1526.998169 1548.9981687 0.0674922887 1.0460729096 8.3857756898 0.2300000036 0.1740413483 7.5500004009
 1583.0000000 286575.09775 7393836.1459 -1560.998002 1582.9980018 0.0977472146 1.1459079031 34.325777899 0.1299999910 0.1116958438 33.490002610
 1609.0000000 286575.13166 7393836.1969 -1586.997930 1608.9979296 0.1316576167 1.1969392858 34.545775312 0.1400000016 0.0115539436 33.710000023
 1638.0000000 286575.14312 7393836.2477 -1615.997878 1637.9978781 0.1431233713 1.2476698346 339.73577862 0.0900000020 0.1187516287 338.90000333
 1666.0000000 286575.15865 7393836.2931 -1643.997831 1665.9978309 0.1586525411 1.2931062859 44.095774814 0.1400000016 0.1388546699 43.259999525
 1694.0000000 286575.21040 7393836.3484 -1671.997728 1693.9977282 0.2103965771 1.3484417424 43.765776789 0.1700000067 0.0321569577 42.930001500
 1723.0000000 286575.23713 7393836.4229 -1700.997614 1722.9976137 0.2371296471 1.4228994697 357.40579254 0.1700000067 0.1384458127 356.57001725
 1751.0000000 286575.23467 7393836.4717 -1728.997564 1750.9975641 0.2346734600 1.4717021231 1.0657752996 0.0299999984 0.1500795927 0.2300000106
 1780.0000000 286575.22075 7393836.5034 -1757.997541 1779.9975408 0.2207490386 1.5033883518 330.75579790 0.1099999965 0.0883993733 329.92002261
 1809.0000000 286575.19706 7393836.5694 -1786.997454 1808.9974541 0.1970561341 1.5693941414 347.75579837 0.1700000067 0.0748425249 346.92002308
 1840.0000000 286575.19490 7393836.6512 -1817.997344 1839.9973440 0.1948968581 1.6511679972 13.415775563 0.1400000016 0.0723824056 12.580000274
 1868.0000000 286575.19039 7393836.6968 -1845.997302 1867.9973016 0.1903860108 1.6967893746 316.46578896 0.0700000008 0.1259132527 315.63001367
 1897.0000000 286575.18121 7393836.7524 -1874.997240 1896.9972402 0.1812073309 1.7523642033 5.1157756179 0.1700000067 0.1390844749 4.2800003290
 1925.0000000 286575.19659 7393836.8257 -1902.997139 1924.9971389 0.1965858229 1.8257289659 21.865776561 0.1400000016 0.0578928370 21.030001272
 1954.0000000 286575.18587 7393836.8819 -1931.997074 1953.9970744 0.1858691435 1.8819047222 315.42578038 0.1299999910 0.1532660617 314.59000509
 1981.0000000 286575.16843 7393836.9385 -1958.997004 1980.9970042 0.1684335095 1.9384877812 7.9557753727 0.1499999988 0.1391086270 7.1200000838
 2010.0000000 286575.18668 7393837.0170 -1987.996892 2009.9968917 0.1866788400 2.0170057286 19.175775952 0.1700000067 0.0383561028 18.340000663
 2038.0000000 286575.20067 7393837.0662 -2015.996839 2037.9968389 0.2006662196 2.0661735535 6.2057753240 0.0399999990 0.1407082666 5.3700000351
 2067.0000000 286575.16393 7393837.0809 -2044.996803 2066.9968031 0.1639296823 2.0808807053 277.83578300 0.1499999988 0.1594535428 277.00000771
 2096.0000000 286575.13360 7393837.1560 -2073.996653 2095.9966535 0.1336044567 2.1559964474 6.7957754930 0.2800000032 0.3261085693 5.9600002041
 2125.0000000 286575.13461 7393837.3174 -2102.996201 2124.9962010 0.1346071287 2.3173834616 356.83578520 0.3600000079 0.1005011028 356.00000991
 2155.0000000 286575.13505 7393837.5343 -2132.995412 2154.9954116 0.1350514778 2.5342803989 4.1057753609 0.4699999910 0.1217390446 3.2700000720
 2189.0000000 286575.12330 7393837.8296 -2166.994123 2188.9941226 0.1232950913 2.8295636419 353.63577290 0.5299999479 0.0962320043 352.79999761
 2223.0000000 286575.30748 7393837.9459 -2200.992992 2222.9929921 0.3074801812 2.9458973594 101.85577474 0.6999999946 0.8836252019 101.01999945
 2252.0000000 286575.82383 7393838.1466 -2229.987125 2251.9871247 0.8238315844 3.1465873681 56.425776989 1.6399999233 1.2954783630 55.590001700
 2281.0000000 286576.70353 7393838.6854 -2258.968531 2280.9685310 1.7035303790 3.6853613127 61.315776514 2.4400001305 0.8462035124 60.480001225
 2308.0000000 286577.90526 7393839.3349 -2285.933670 2307.9336705 2.9052600355 4.3348754421 63.265777331 3.3599999313 1.0279351805 62.430002043
 2337.0000000 286579.53989 7393840.2748 -2314.872094 2336.8720938 4.5398858996 5.2748305369 59.025775535 4.0999999149 0.8164564385 58.190000246
 2367.0000000 286581.57154 7393841.4520 -2344.779840 2366.7798396 6.5715416215 6.4519513398 62.195777607 4.8800002610 0.8182338833 61.360002318
 2396.0000000 286583.78319 7393842.5832 -2373.673253 2395.6732529 8.7831941845 7.5831779493 65.275779524 4.9499998816 0.2823900840 64.440004235
 2426.0000000 286586.29514 7393843.7477 -2403.545066 2425.5450658 11.295138269 8.7477496210 66.565780475 5.6399996788 0.7001507673 65.730005186
 2455.0000000 286589.05973 7393845.0741 -2432.382258 2454.3822576 14.059728034 10.074078066 64.025775674 6.4999998963 0.9318203644 63.190000385
 2484.0000000 286591.84402 7393846.5869 -2461.208546 2483.2085464 16.844016338 11.586878144 60.485778475 6.0500001399 0.6137291853 59.650003186
 2512.0000000 286594.36406 7393848.0762 -2489.055158 2511.0551576 19.364062655 13.076222854 60.015777241 5.9499997671 0.1193741859 59.180001952
 2541.0000000 286596.93856 7393849.5998 -2517.900497 2539.9004970 21.938563322 14.599750616 60.425777100 5.8899999704 0.0759350964 59.590001811
 2569.0000000 286599.13449 7393850.8574 -2545.785231 2567.7852312 24.134493503 15.857402207 61.835776986 4.4800000507 1.5167571203 61.000001698
 2599.0000000 286601.13916 7393851.9675 -2575.697600 2597.6976002 26.139158829 16.967488916 61.885776225 4.2800001589 0.2000363217 61.050000936
 2627.0000000 286602.78293 7393852.8389 -2603.635420 2625.6354204 27.782926417 17.838866840 64.215778121 3.3399998567 1.0205060910 63.380002832
 2656.0000000 286604.09658 7393853.5410 -2632.596914 2654.5969140 29.096582269 18.540954345 60.745776804 2.5499999002 0.8374217239 59.910001515
 2684.0000000 286604.87207 7393853.9530 -2660.582329 2682.5823287 29.872072226 18.953036187 67.965774410 1.0499999652 1.6222322537 67.129999122
 2712.0000000 286605.16058 7393854.0661 -2688.580368 2710.5803679 30.160584477 19.066085272 76.485778920 0.2199999930 0.8925703385 75.650003631
 2742.0000000 286605.35175 7393854.1110 -2718.579689 2740.5796888 30.351750474 19.110965949 78.095779575 0.5299999479 0.3101484035 77.260004286
 2771.0000000 286605.47460 7393854.1247 -2747.579303 2769.5793028 30.474597647 19.124740195 207.67577738 0.0700000008 0.5970289901 206.84000209
 2800.0000000 286605.43359 7393854.0855 -2776.579243 2798.5792433 30.433594966 19.085459622 235.41578365 0.1599999961 0.1068799150 234.58000836
 2830.0000000 286605.39213 7393854.0279 -2806.579155 2828.5791551 30.392132847 19.027936105 193.25577881 0.1299999910 0.1079954160 192.42000352
 2858.0000000 286605.39210 7393853.9942 -2834.579129 2856.5791289 30.392096600 18.994160646 112.85577505 0.0299999984 0.1376241575 112.01999976
 2887.0000000 286605.40906 7393853.9893 -2863.579123 2885.5791235 30.409055280 18.989284743 102.39577567 0.0399999990 0.0122350694 101.56000038
 2915.0000000 286605.43326 7393853.9884 -2891.579113 2913.5791128 30.433259310 18.988356309 86.805778902 0.0599999969 0.0257275467 85.970003613
 2944.0000000 286605.46883 7393853.9574 -2920.579068 2942.5790680 30.468830619 18.957416775 148.29578611 0.1499999988 0.1368819557 147.46001082
 2972.0000000 286605.51933 7393853.8824 -2948.578920 2970.5789204 30.519332781 18.882434465 145.90578665 0.2199999930 0.0754380889 145.07001136
 3002.0000000 286605.57629 7393853.7828 -2978.578700 3000.5787004 30.576286748 18.782825986 156.24578328 0.2199999930 0.0396487837 155.41000799
 3032.0000000 286605.64301 7393853.7002 -3008.578508 3030.5785078 30.643007783 18.700198652 126.11577755 0.1999999985 0.1108591339 125.28000227
 3061.0000000 286605.72912 7393853.6379 -3037.578313 3059.5783129 30.729118863 18.637868969 127.29577789 0.2199999930 0.0211667816 126.46000260
 3088.0000000 286605.82466 7393853.5778 -3064.578076 3086.5780762 30.824661824 18.577823820 119.33577859 0.2599999820 0.0577589473 118.50000330
 3117.0000000 286605.92990 7393853.5045 -3093.577791 3115.5777914 30.929903484 18.504509376 132.31577468 0.2499999981 0.0605120875 131.47999939
 3146.0000000 286606.02919 7393853.4264 -3122.577516 3144.5775160 31.029189556 18.426364890 125.76577907 0.2499999981 0.0295490655 124.93000378
 3175.0000000 286606.11995 7393853.3191 -3151.577168 3173.5771677 31.119952207 18.319081117 152.14577706 0.3199999922 0.1519005465 151.31000177
 3204.0000000 286606.18937 7393853.1841 -3180.576770 3202.5767698 31.189369325 18.184071958 155.31577532 0.2800000032 0.0447848392 154.48000003
 3260.0000000 286606.30410 7393852.9410 -3236.576125 3258.5761247 31.304102254 17.940965262 155.83577529 0.2700000000 0.0055214197 155.00000000
