# WELL TRACE FROM PETREL 
# WELL NAME:              8-PPT-6-RJS
# DEFINITIVE SURVEY:      Explicit survey 1
# WELL HEAD X-COORDINATE: 288920.00000000 (m)
# WELL HEAD Y-COORDINATE: 7394916.00000000 (m)
# WELL DATUM (KB, Kelly bushing, from MSL): 17.00000000 (m)
# WELL TYPE:              INJECTION WATER
# MD AND TVD ARE REFERENCED (=0) AT WELL DATUM AND INCREASE DOWNWARDS
# ANGLES ARE GIVEN IN DEGREES
# XYZ TRACE IS GIVEN IN COORDINATE SYSTEM BRAZIL SIRGAS 2000 (WGS84) UTM24S CM 39W (Brazil SIRGAS 2000 (WGS84) UTM24S Lon range 42W - 36W) [Chevron,720787]
# AZIM_TN: azimuth in True North 
# AZIM_GN: azimuth in Grid North 
# DX DY ARE GIVEN IN GRID NORTH IN m-UNITS
# DEPTH (Z, tvd_z) GIVEN IN m-UNITS
#===============================================================================================================================================
      MD            X            Y            Z           TVD           DX          DY        AZIM_TN        INCL         DLS        AZIM_GN
#===============================================================================================================================================
 0.0000000000 288920.00000 7394916.0000 17.000000000 0.0000000000 -0.000000002 -0.000000001 0.8262162326 0.0000000000 0.0000000000 0.0000000000
 1350.0000000 288920.00000 7394916.0000 -1333.000000 1350.0000000 -0.000000002 -0.000000001 0.8262162326 0.0000000000 0.0000000000 0.0000000000
 1388.0000000 288920.17512 7394915.9625 -1370.999437 1387.9994374 0.1751174437 -0.037541928 102.92621623 0.5400000000 0.4263157895 102.10000000
 1417.0000000 288920.45195 7394915.9015 -1399.998052 1416.9980517 0.4519519957 -0.098540926 103.55621623 0.5800000000 0.0418660825 102.73000000
 1447.0000000 288920.74724 7394915.7935 -1429.996395 1446.9963952 0.7472417613 -0.206533953 117.68621623 0.6300000000 0.1568758705 116.86000000
 1475.0000000 288921.01654 7394915.6446 -1457.994704 1474.9947040 1.0165438131 -0.355411382 121.83621623 0.6300000000 0.0488793654 121.01000000
 1505.0000000 288921.29044 7394915.5032 -1487.993116 1504.9931161 1.2904449546 -0.496755632 113.86621623 0.5500000000 0.1144272195 113.04000000
 1534.0000000 288921.51190 7394915.4096 -1516.992111 1533.9921113 1.5119026357 -0.590422904 113.59621623 0.4000000000 0.1551892589 112.77000000
 1560.0000000 288921.69836 7394915.3459 -1542.991362 1559.9913623 1.6983641571 -0.654091937 106.34621623 0.4700000000 0.1025955579 105.52000000
 1590.0000000 288921.93196 7394915.2874 -1572.990396 1589.9903958 1.9319596836 -0.712582937 103.35621623 0.4500000000 0.0312383906 102.53000000
 1618.0000000 288922.13135 7394915.2306 -1600.989627 1617.9896266 2.1313483277 -0.769377057 110.51621623 0.4000000000 0.0780544633 109.69000000
 1647.0000000 288922.31465 7394915.1728 -1629.988989 1646.9889889 2.3146535267 -0.827195402 105.90621623 0.3600000000 0.0520510875 105.08000000
 1678.0000000 288922.50405 7394915.1170 -1660.988360 1677.9883600 2.5040513817 -0.883039610 108.56621623 0.3700000000 0.0190386425 107.74000000
 1706.0000000 288922.66948 7394915.0513 -1688.987794 1705.9877936 2.6694803413 -0.948673662 116.47621623 0.3600000000 0.0549950776 115.65000000
 1735.0000000 288922.82528 7394914.9848 -1717.987298 1734.9872978 2.8252770865 -1.015158758 110.98621623 0.3100000000 0.0614087873 110.16000000
 1764.0000000 288922.97397 7394914.9157 -1746.986833 1763.9868329 2.9739743401 -1.084328779 120.13621623 0.3400000000 0.0619163180 119.31000000
 1821.0000000 288923.29932 7394914.8118 -1803.985796 1820.9857962 3.2993192555 -1.188213650 97.586216233 0.3600000000 0.0727685681 96.760000000
 1850.0000000 288923.47142 7394914.7666 -1832.985247 1849.9852468 3.4714233314 -1.233382691 113.70621623 0.3500000000 0.1034893238 112.88000000
 1878.0000000 288923.61509 7394914.7213 -1860.984838 1877.9848378 3.6150906511 -1.278742039 101.39621623 0.2700000000 0.1110641803 100.57000000
 1906.0000000 288923.76965 7394914.6977 -1888.984398 1905.9843978 3.7696502912 -1.302272463 98.086216233 0.3700000000 0.1089138213 97.260000000
 1934.0000000 288923.92889 7394914.6726 -1916.983931 1933.9839314 3.9288889641 -1.327355469 101.93621623 0.2900000000 0.0888981824 101.11000000
 1962.0000000 288924.05663 7394914.6068 -1944.983553 1961.9835530 4.0566292001 -1.393247891 132.73621623 0.3200000000 0.1763039340 131.91000000
 1992.0000000 288924.19672 7394914.5274 -1974.983114 1991.9831139 4.1967177151 -1.472580791 107.55621623 0.3100000000 0.1376686444 106.73000000
 2022.0000000 288924.32774 7394914.4905 -2004.982801 2021.9828013 4.3277433951 -1.509490739 105.08621623 0.2100000000 0.1006030066 104.26000000
 2051.0000000 288924.41621 7394914.4609 -2033.982650 2050.9826500 4.4162149014 -1.539145793 114.96621623 0.1600000000 0.0611712754 114.14000000
 2080.0000000 288924.50221 7394914.4179 -2062.982489 2079.9824893 4.5022089412 -1.582090160 119.10621623 0.2200000000 0.0636328780 118.28000000
 2108.0000000 288924.59047 7394914.3657 -2090.982301 2107.9823013 4.5904679960 -1.634304095 123.99621623 0.2000000000 0.0287554728 123.17000000
 2138.0000000 288924.65948 7394914.3003 -2120.982149 2137.9821485 4.6594825401 -1.699661678 146.37621623 0.1700000000 0.0776003303 145.55000000
 2167.0000000 288924.71582 7394914.2324 -2149.982014 2166.9820139 4.7158246741 -1.767572717 136.20621623 0.1800000000 0.0337050857 135.38000000
 2189.0000000 288924.76525 7394914.1603 -2171.981836 2188.9818362 4.7652510487 -1.839692958 152.93621623 0.2800000000 0.1628769361 152.11000000
 2232.0000000 288924.94009 7394914.1265 -2214.981355 2231.9813554 4.9400940867 -1.873535175 65.666216233 0.3700000000 0.3162167170 64.840000000
 2259.0000000 288925.09084 7394914.2087 -2241.980809 2258.9808089 5.0908397891 -1.791321834 58.676216233 0.3600000000 0.0506746602 57.850000000
 2290.0000000 288925.26301 7394914.3211 -2272.980127 2289.9801266 5.2630092598 -1.678939408 56.806216233 0.4000000000 0.0405225725 55.980000000
 2319.0000000 288925.43329 7394914.4439 -2301.979366 2318.9793660 5.4332931798 -1.556070069 53.346216233 0.4300000000 0.0404248652 52.520000000
 2348.0000000 288925.60779 7394914.5862 -2330.978492 2347.9784915 5.6077856438 -1.413751712 50.016216233 0.4600000000 0.0409626651 49.190000000
 2377.0000000 288925.78784 7394914.7493 -2359.977474 2376.9774736 5.7878446943 -1.250689169 47.416216233 0.5000000000 0.0471062018 46.590000000
 2406.0000000 288925.97132 7394914.9237 -2388.976369 2405.9763694 5.9713202962 -1.076333721 47.156216233 0.5000000000 0.0023471351 46.330000000
 2436.0000000 288926.15613 7394915.1161 -2418.975182 2435.9751822 6.1561285807 -0.883866582 42.266216233 0.5200000000 0.0478816437 41.440000000
 2465.0000000 288926.32024 7394915.3246 -2447.973967 2464.9739673 6.3202375664 -0.675354548 35.856216233 0.5300000000 0.0615995940 35.030000000
 2492.0000000 288926.47814 7394915.5360 -2474.972677 2491.9726772 6.4781365374 -0.464003351 39.146216233 0.5900000000 0.0756104492 38.320000000
 2523.0000000 288926.67256 7394915.7926 -2505.971006 2522.9710060 6.6725587952 -0.207446046 36.836216233 0.6000000000 0.0251485840 36.010000000
 2553.0000000 288926.86153 7394916.0754 -2535.969073 2552.9690735 6.8615313180 0.0753884576 32.636216233 0.7000000000 0.1107056596 31.810000000
 2580.0000000 288927.03461 7394916.3479 -2562.967144 2579.9671437 7.0346084633 0.3478902783 33.886216233 0.6700000000 0.0372381056 33.060000000
 2608.0000000 288927.23288 7394916.6355 -2590.964962 2607.9649616 7.2328843311 0.6355221141 36.746216233 0.7600000000 0.1037042048 35.920000000
 2638.0000000 288927.47794 7394916.9589 -2620.962218 2637.9622177 7.4779359332 0.9589112457 39.166216233 0.7900000000 0.0443944363 38.340000000
 2668.0000000 288927.74044 7394917.3020 -2650.959106 2667.9591064 7.7404386756 1.3019692227 37.406216233 0.8600000000 0.0744377298 36.580000000
 2695.0000000 288927.98723 7394917.6264 -2677.956030 2694.9560298 7.9872306232 1.6264124736 38.756216233 0.8700000000 0.0252230512 37.930000000
 2724.0000000 288928.27601 7394917.9685 -2706.952573 2723.9525734 8.2760092921 1.9684701050 43.166216233 0.9000000000 0.0769700671 42.340000000
 2754.0000000 288928.59309 7394918.3310 -2736.948707 2753.9487065 8.5930887918 2.3310486004 40.876216233 0.9400000000 0.0543244133 40.050000000
 2784.0000000 288928.89833 7394918.7104 -2766.944756 2783.9447557 8.8983270982 2.7103720307 38.396216233 0.9200000000 0.0449424531 37.570000000
 2812.0000000 288929.14449 7394919.0537 -2794.941563 2811.9415633 9.1444877353 3.0537451385 34.266216233 0.8100000000 0.1353989132 33.440000000
 2841.0000000 288929.33951 7394919.3761 -2823.939109 2840.9391087 9.3395081711 3.3761184020 29.296216233 0.6800000000 0.1500590919 28.470000000
 2870.0000000 288929.50646 7394919.6800 -2852.937036 2869.9370362 9.5064614402 3.6800280791 29.916216233 0.6900000000 0.0128766217 29.090000000
 2899.0000000 288929.68592 7394920.0002 -2881.934713 2898.9347127 9.6859160405 4.0001599323 30.266216233 0.7600000000 0.0725582344 29.440000000
 2928.0000000 288929.89460 7394920.3380 -2910.931993 2927.9319927 9.8945995636 4.3379822560 34.656216233 0.8100000000 0.0808748468 33.830000000
 2958.0000000 288930.13233 7394920.6987 -2940.928883 2957.9288826 10.132329598 4.6986955712 33.786216233 0.8400000000 0.0325094221 32.960000000
 2987.0000000 288930.37242 7394921.0769 -2969.925420 2986.9254204 10.372418493 5.0768939061 32.736216233 0.9300000000 0.0945990824 31.910000000
 3014.0000000 288930.59659 7394921.4370 -2996.922088 3013.9220882 10.596594069 5.4369746279 32.726216233 0.8700000000 0.0666668949 31.900000000
 3044.0000000 288930.82821 7394921.7954 -3026.919049 3043.9190493 10.828213534 5.7953537554 34.816216233 0.7600000000 0.1139282042 33.990000000
 3072.0000000 288931.04127 7394922.0810 -3054.916779 3071.9167792 11.041267152 6.0809998475 40.506216233 0.7000000000 0.1007494043 39.680000000
 3102.0000000 288931.28237 7394922.3640 -3084.914476 3101.9144759 11.282369318 6.3639893411 41.986216233 0.7200000000 0.0271339277 41.160000000
 3130.0000000 288931.52625 7394922.6442 -3112.912010 3129.9120104 11.526253114 6.6441606628 41.756216233 0.8000000000 0.0857764145 40.930000000
 3159.0000000 288931.78655 7394922.9510 -3141.909219 3158.9092191 11.786548323 6.9510471905 40.496216233 0.7900000000 0.0208342357 39.670000000
 3188.0000000 288932.00669 7394923.2590 -3170.906742 3187.9067417 12.006690914 7.2590252850 31.806216233 0.7100000000 0.1436301357 30.980000000
 3218.0000000 288932.20231 7394923.5783 -3200.904406 3217.9044059 12.202308982 7.5782624222 32.836216233 0.7200000000 0.0162846792 32.010000000
 3246.0000000 288932.39726 7394923.8887 -3228.902006 3245.9020058 12.397260457 7.8886853140 33.066216233 0.7800000000 0.0643664604 32.240000000
 3275.0000000 288932.60403 7394924.2221 -3257.899353 3274.8993529 12.604029838 8.2220687233 32.196216233 0.7700000000 0.0159748454 31.370000000
 3304.0000000 288932.81627 7394924.5580 -3286.896631 3303.8966313 12.816265019 8.5579576902 33.996216233 0.8000000000 0.0401704403 33.170000000
 3332.0000000 288933.02831 7394924.9148 -3314.893550 3331.8935499 13.028307069 8.9148109592 29.366216233 0.9000000000 0.1298982315 28.540000000
 3363.0000000 288933.27771 7394925.3486 -3345.889511 3362.8895105 13.277714616 9.3486196343 32.006216233 0.9500000000 0.0635677483 31.180000000
 3391.0000000 288933.52275 7394925.7516 -3373.885539 3390.8855390 13.522751421 9.7516047806 32.246216233 0.9800000000 0.0324332193 31.420000000
 3421.0000000 288933.80159 7394926.1822 -3403.881153 3420.8811528 13.801588893 10.182209745 35.256216233 0.9800000000 0.0514752939 34.430000000
 3448.0000000 288934.07684 7394926.5617 -3430.877083 3447.8770831 14.076843667 10.561654302 38.266216233 1.0100000000 0.0669513476 37.440000000
 3477.0000000 288934.38345 7394926.9893 -3459.872308 3476.8723075 14.383449555 10.989293510 34.766216233 1.0700000000 0.0903678851 33.940000000
 3497.0000000 288934.59200 7394927.2992 -3479.868820 3496.8688201 14.592003230 11.299186526 34.766216233 1.0700000000 0.0000000000 33.940000000
