# WELL TRACE FROM PETREL 
# WELL NAME:              8-PPT-14HP-RJS
# DEFINITIVE SURVEY:      Explicit survey 1
# WELL HEAD X-COORDINATE: 286039.10000000 (m)
# WELL HEAD Y-COORDINATE: 7394461.60000000 (m)
# WELL DATUM (KB, Kelly bushing, from MSL): 17.00000000 (m)
# WELL TYPE:              INJECTION WATER
# MD AND TVD ARE REFERENCED (=0) AT WELL DATUM AND INCREASE DOWNWARDS
# ANGLES ARE GIVEN IN DEGREES
# XYZ TRACE IS GIVEN IN COORDINATE SYSTEM BRAZIL SIRGAS 2000 (WGS84) UTM24S CM 39W (Brazil SIRGAS 2000 (WGS84) UTM24S Lon range 42W - 36W) [Chevron,720787]
# AZIM_TN: azimuth in True North 
# AZIM_GN: azimuth in Grid North 
# DX DY ARE GIVEN IN GRID NORTH IN m-UNITS
# DEPTH (Z, tvd_z) GIVEN IN m-UNITS
#===============================================================================================================================================
      MD            X            Y            Z           TVD           DX          DY        AZIM_TN        INCL         DLS        AZIM_GN
#===============================================================================================================================================
 0.0000000000 286039.10000 7394461.6000 17.000000000 0.0000000000 0.0000000011 0.0000000000 0.8376464043 0.0000000000 0.0000000000 0.0000000000
 1109.0000000 286039.10000 7394461.6000 -1092.000000 1109.0000000 0.0000000011 0.0000000000 0.8376464043 0.0000000000 0.0000000000 0.0000000000
 1138.0000000 286039.19298 7394461.5485 -1120.999740 1137.9997403 0.0929787838 -0.051538981 119.83764640 0.4200000000 0.4344827586 119.00000000
 1152.0000000 286039.27868 7394461.4990 -1134.999390 1151.9993904 0.1786788985 -0.101020914 121.91764640 0.3900000000 0.0715805448 121.08000000
 1167.0000000 286039.35872 7394461.4676 -1149.999138 1166.9991385 0.2587173021 -0.132424073 98.747646404 0.2800000000 0.3447644596 97.910000000
 1182.0000000 286039.43359 7394461.4551 -1164.998946 1181.9989463 0.3335926945 -0.144902517 101.74764640 0.3000000000 0.0502090111 100.91000000
 1196.0000000 286039.51728 7394461.4375 -1178.998683 1195.9986834 0.4172821728 -0.162527771 103.46764640 0.4000000000 0.2154411583 102.63000000
 1226.0000000 286039.69765 7394461.4068 -1208.998121 1225.9981212 0.5976495209 -0.193216967 96.527646404 0.3000000000 0.1084361737 95.690000000
 1255.0000000 286039.85335 7394461.3615 -1237.997663 1254.9976626 0.7533545535 -0.238493130 116.05764640 0.3500000000 0.1249194917 115.22000000
 1311.0000000 286040.17279 7394461.2663 -1293.996663 1310.9966630 1.0727931950 -0.333708597 98.557646404 0.3400000000 0.0564797240 97.720000000
 1339.0000000 286040.34793 7394461.2515 -1321.996111 1338.9961106 1.2479281680 -0.348451504 93.047646404 0.3800000000 0.0566332172 92.210000000
 1396.0000000 286040.67612 7394461.2423 -1378.995158 1395.9951580 1.5761222038 -0.357735204 91.657646404 0.2800000000 0.0527961063 90.820000000
 1426.0000000 286040.85362 7394461.2519 -1408.994625 1425.9946255 1.7536212229 -0.348109252 84.987646404 0.4000000000 0.1261590423 84.150000000
 1455.0000000 286041.04039 7394461.2629 -1437.994020 1454.9940204 1.9403945787 -0.337083973 90.367646404 0.3400000000 0.0716577061 89.530000000
 1514.0000000 286041.37326 7394461.2886 -1496.993074 1513.9930738 2.2732554991 -0.311390929 82.097646404 0.3100000000 0.0282742758 81.260000000
 1571.0000000 286041.66767 7394461.2864 -1553.992306 1570.9923063 2.5676749570 -0.313554779 101.05764640 0.2900000000 0.0530375090 100.22000000
 1600.0000000 286041.82429 7394461.2390 -1582.991841 1599.9918413 2.7242852459 -0.360992924 113.02764640 0.3600000000 0.1005101602 112.19000000
 1629.0000000 286041.97709 7394461.1862 -1611.991388 1628.9913878 2.8770884663 -0.413845856 105.91764640 0.2800000000 0.0922386131 105.08000000
 1686.0000000 286042.25541 7394461.1100 -1668.990657 1685.9906574 3.1554058070 -0.489997465 106.34764640 0.3000000000 0.0105883845 105.51000000
 1716.0000000 286042.40943 7394461.0592 -1698.990219 1715.9902188 3.3094260136 -0.540757049 111.63764640 0.3200000000 0.0348963829 110.80000000
 1744.0000000 286042.57799 7394460.9938 -1726.989631 1743.9896314 3.4779924362 -0.606245792 112.39764640 0.4200000000 0.1072694606 111.56000000
 1773.0000000 286042.77569 7394460.9091 -1755.988834 1772.9888340 3.6756944396 -0.690894516 115.59764640 0.4300000000 0.0266404048 114.76000000
 1802.0000000 286042.95129 7394460.8099 -1784.988130 1801.9881296 3.8512891333 -0.790127465 125.78764640 0.3700000000 0.0960401627 124.95000000
 1831.0000000 286043.11460 7394460.7088 -1813.987493 1830.9874929 4.0146044609 -0.891242137 119.57764640 0.3900000000 0.0473319826 118.74000000
 1860.0000000 286043.27787 7394460.6282 -1842.986920 1859.9869200 4.1778675591 -0.971759601 114.14764640 0.3300000000 0.0713347219 113.31000000
 1888.0000000 286043.42257 7394460.5690 -1870.986483 1887.9864833 4.3225739435 -1.031043954 112.01764640 0.3100000000 0.0249291469 111.18000000
 1946.0000000 286043.73039 7394460.4393 -1928.985521 1945.9855205 4.6303852617 -1.160654495 115.13764640 0.3500000000 0.0226741095 114.30000000
 2004.0000000 286044.05271 7394460.2921 -1986.984438 2003.9844384 4.9527061372 -1.307884410 115.63764640 0.3500000000 0.0015798091 114.80000000
 2062.0000000 286044.33849 7394460.1407 -2044.983533 2061.9835333 5.2384898328 -1.459279489 122.50764640 0.2900000000 0.0367842011 121.67000000
 2093.0000000 286044.46469 7394460.0570 -2075.983163 2092.9831633 5.3646854573 -1.542981353 126.41764640 0.2700000000 0.0267576778 125.58000000
 2154.0000000 286044.56210 7394459.4467 -2136.979446 2153.9794458 5.4621032820 -2.153335528 182.95764640 0.9900000000 0.4282476373 182.12000000
 2182.0000000 286044.61172 7394458.9702 -2164.975321 2181.9753210 5.5117230433 -2.629835539 166.82764640 0.9900000000 0.2976143468 165.99000000
 2199.0000000 286044.71567 7394458.6521 -2181.972007 2198.9720067 5.6156672140 -2.947930338 159.55764640 1.2700000000 0.5541645945 158.72000000
 2211.0000000 286044.84492 7394458.3373 -2193.967105 2210.9671047 5.7449200865 -3.262740940 157.84764640 1.9800000000 1.7789377031 157.01000000
 2228.0000000 286045.14005 7394457.6634 -2210.950968 2227.9509676 6.0400471581 -3.936630050 156.74764640 2.9800000000 1.7666225843 155.91000000
 2239.0000000 286045.41559 7394457.0614 -2221.930910 2238.9309099 6.3155928362 -4.538597424 155.85764640 3.9200000000 2.5677170985 155.02000000
 2268.0000000 286046.47988 7394454.7519 -2250.817423 2267.8174225 7.3798792981 -6.848053348 156.24764640 6.1400000000 2.2968108977 155.41000000
 2285.0000000 286047.33584 7394452.9152 -2267.695827 2284.6958273 8.2358403961 -8.684763595 155.52764640 7.5500000000 2.4927905209 154.69000000
 2311.0000000 286049.23197 7394449.3069 -2293.371380 2310.3713797 10.131969178 -12.29306028 151.37764640 10.500000000 3.4835616159 150.54000000
 2325.0000000 286050.58389 7394447.0466 -2307.121347 2324.1213475 11.483885489 -14.55343484 148.61764640 11.190000000 1.8501362008 147.78000000
 2341.0000000 286052.26817 7394444.4459 -2322.818555 2339.8185551 13.168170857 -17.15411265 147.19764640 11.140000000 0.5239942468 146.36000000
 2353.0000000 286053.55531 7394442.5133 -2334.591844 2351.5918438 14.455312944 -19.08665435 147.14764640 11.170000000 0.0788023826 146.31000000
 2385.0000000 286056.97991 7394437.3482 -2365.986202 2382.9862023 17.879911876 -24.25182639 147.43764640 11.160000000 0.0534727201 146.60000000
 2411.0000000 286059.73930 7394433.1442 -2391.495435 2408.4954349 20.639299311 -28.45577122 147.67764640 11.140000000 0.0583115463 146.84000000
 2441.0000000 286062.89347 7394428.2742 -2420.929169 2437.9291691 23.793473084 -33.32582462 148.13764640 11.160000000 0.0911743637 147.30000000
 2470.0000000 286065.90919 7394423.5450 -2449.381777 2466.3817765 26.809194586 -38.05497409 148.48764640 11.140000000 0.0730090368 147.65000000
 2499.0000000 286068.89719 7394418.7983 -2477.834383 2494.8343834 29.797191782 -42.80169396 148.80764640 11.160000000 0.0672751888 147.97000000
 2528.0000000 286071.85209 7394414.0251 -2506.286016 2523.2860163 32.752086807 -47.57488660 149.34764640 11.160000000 0.1081203522 148.51000000
 2559.0000000 286074.97506 7394408.9038 -2536.700347 2553.7003473 35.875061375 -52.69615045 149.57764640 11.150000000 0.0441353146 148.74000000
 2588.0000000 286077.98283 7394404.1769 -2565.154088 2582.1540876 38.882833881 -57.42305959 147.15764640 11.130000000 0.4840912372 146.32000000
 2616.0000000 286081.13122 7394399.7742 -2592.625937 2609.6259375 42.031217966 -61.82581094 143.38764640 11.170000000 0.7821480997 142.55000000
 2645.0000000 286084.69641 7394395.4421 -2621.077997 2638.0779972 45.596407970 -66.15793004 139.37764640 11.150000000 0.8030051278 138.54000000
 2673.0000000 286088.38543 7394391.4832 -2648.550190 2665.5501903 49.285431430 -70.11678339 136.33764640 11.140000000 0.6296016739 135.50000000
 2702.0000000 286092.35627 7394387.5187 -2677.002337 2694.0023368 53.256266951 -74.08128328 135.24764640 11.170000000 0.2203403286 134.41000000
 2716.0000000 286094.31027 7394385.6409 -2690.737620 2707.7376198 55.210270031 -75.95906720 134.14764640 11.150000000 0.4582254059 133.31000000
 2731.0000000 286096.48356 7394383.7133 -2705.453639 2722.4536390 57.383562455 -77.88670188 130.67764640 11.190000000 1.3466002213 129.84000000
 2744.0000000 286098.46458 7394382.1595 -2718.207522 2735.2075224 59.364578562 -79.44046611 127.20764640 11.150000000 1.5537694861 126.37000000
 2761.0000000 286101.18977 7394380.3279 -2734.887306 2751.8873063 62.089772954 -81.27213972 122.27764640 11.140000000 1.6812388267 121.44000000
 2788.0000000 286105.79433 7394377.8845 -2761.378882 2778.3788820 66.694330141 -83.71546851 115.30764640 11.160000000 1.4968825499 114.47000000
 2803.0000000 286108.49347 7394376.7562 -2776.090833 2793.0908333 69.393469088 -84.84376752 111.76764640 11.340000000 1.4271363821 110.93000000
 2818.0000000 286111.42978 7394375.7223 -2790.763965 2807.7639654 72.329779625 -85.87771128 108.85764640 12.620000000 2.8299472808 108.02000000
 2833.0000000 286114.77324 7394374.7270 -2805.352202 2822.3522018 75.673240281 -86.87301542 106.13764640 14.280000000 3.5520670383 105.30000000
 2848.0000000 286118.56253 7394373.7907 -2819.835018 2836.8350183 79.462533162 -87.80933799 103.43764640 15.890000000 3.5124917898 102.60000000
 2863.0000000 286122.75821 7394372.9590 -2834.211972 2851.2119725 83.658210069 -88.64099566 100.76764640 17.250000000 3.1166374295 99.930000000
 2878.0000000 286127.28367 7394372.2697 -2848.496322 2865.4963221 88.183668529 -89.33025458 98.297646404 18.290000000 2.5685151499 97.460000000
 2892.0000000 286131.78897 7394371.8177 -2861.743661 2878.7436613 92.688969377 -89.78230892 94.937646404 19.460000000 3.4212093447 94.100000000
 2906.0000000 286136.55088 7394371.5978 -2874.907042 2891.9070424 97.450883239 -90.00221616 92.087646404 20.360000000 2.8358123645 91.250000000
 2921.0000000 286141.89123 7394371.7093 -2888.923285 2905.9232854 102.79122924 -89.89068830 87.307646404 21.390000000 3.9793635119 86.470000000
 2935.0000000 286147.09326 7394372.2574 -2901.908847 2918.9088467 107.99326195 -89.34261204 82.457646404 22.520000000 4.5765075924 81.620000000
 2950.0000000 286152.86211 7394373.3797 -2915.708907 2932.7089071 113.76210928 -88.22026613 77.317646404 23.650000000 4.6191022708 76.480000000
 2963.0000000 286158.02020 7394374.8072 -2927.555747 2944.5557474 118.92020188 -86.79278522 73.517646404 24.990000000 4.7530697943 72.680000000
 2980.0000000 286164.99427 7394377.3088 -2942.855091 2959.8550914 125.89427289 -84.29117758 68.837646404 26.720000000 4.7194064528 68.000000000
 2992.0000000 286170.04525 7394379.5181 -2953.513569 2970.5135691 130.94525247 -82.08192869 65.657646404 27.990000000 4.8390062524 64.820000000
 3007.0000000 286176.47994 7394382.7462 -2966.672953 2983.6729534 137.37993734 -78.85381389 62.797646404 29.380000000 3.9065646094 61.960000000
 3021.0000000 286182.63203 7394386.1350 -2978.783713 2995.7837131 143.53203128 -75.46504338 61.217646404 30.840000000 3.5596515533 60.380000000
 3038.0000000 286190.41931 7394390.5855 -2993.224904 3010.2249045 151.31931350 -71.01450893 60.967646404 32.840000000 3.5370705371 60.130000000
 3050.0000000 286196.16633 7394393.8814 -3003.230732 3020.2307320 157.06633206 -67.71857562 61.037646404 34.170000000 3.3264025014 60.200000000
 3065.0000000 286203.64215 7394398.1443 -3015.516831 3032.5168314 164.54215158 -63.45568244 61.247646404 35.840000000 3.3486742150 60.410000000
 3079.0000000 286210.88500 7394402.2623 -3026.768387 3043.7683871 171.78500025 -59.33774398 61.187646404 37.190000000 2.8938682761 60.350000000
 3095.0000000 286219.44919 7394407.1585 -3039.365758 3056.3657580 180.34919061 -54.44150708 60.977646404 38.930000000 3.2715138624 60.140000000
 3108.0000000 286226.62614 7394411.2838 -3049.390188 3066.3901878 187.52613510 -50.31617995 60.917646404 40.160000000 2.8398298925 60.080000000
 3127.0000000 286237.45146 7394417.4971 -3063.716022 3080.7160221 198.35145890 -44.10294189 61.047646404 41.960000000 2.8453001967 60.210000000
 3137.0000000 286243.30785 7394420.8531 -3071.095189 3088.0951893 204.20785326 -40.74688367 60.997646404 42.930000000 2.9117600966 60.160000000
 3149.0000000 286250.49702 7394424.9602 -3079.782157 3096.7821567 211.39701616 -36.63981140 61.197646404 44.310000000 3.4671971569 60.360000000
 3166.0000000 286260.94579 7394430.9781 -3091.766856 3108.7668559 221.84579152 -30.62193131 60.607646404 46.030000000 3.1237935716 59.770000000
 3185.0000000 286272.92156 7394437.9935 -3104.743704 3121.7437042 233.82155707 -23.60649283 60.347646404 47.810000000 2.8264715024 59.510000000
 3194.0000000 286278.68501 7394441.4281 -3110.743654 3127.7436538 239.58501059 -20.17190474 59.747646404 48.570000000 2.9393710280 58.910000000
 3212.0000000 286290.31710 7394448.5320 -3122.502672 3139.5026718 251.21710349 -13.06799687 59.107646404 49.850000000 2.2810547663 58.270000000
 3225.0000000 286298.74444 7394453.8093 -3130.878934 3147.8789341 259.64443921 -7.790723054 58.457646404 49.920000000 1.1584444356 57.620000000
 3240.0000000 286308.48676 7394460.0462 -3140.430103 3157.4301027 269.38675805 -1.553810082 57.967646404 50.980000000 2.2506338249 57.130000000
 3254.0000000 286317.65875 7394466.0684 -3149.127055 3166.1270554 278.55875045 4.4684349690 57.137646404 52.210000000 2.9814969137 56.300000000
 3269.0000000 286327.59740 7394472.8477 -3158.086877 3175.0868772 288.49740066 11.247744399 55.957646404 54.430000000 4.8264488559 55.120000000
 3279.0000000 286334.32057 7394477.5591 -3163.798160 3180.7981605 295.22056984 15.959075863 55.677646404 55.910000000 4.4932131855 54.840000000
 3303.0000000 286350.72868 7394489.3266 -3176.771727 3193.7717267 311.62867748 27.726646507 54.717646404 58.640000000 3.5586329284 53.880000000
 3309.0000000 286354.87226 7394492.3677 -3179.868677 3196.8686774 315.77226305 30.767680749 54.407646404 59.210000000 3.1440248911 53.570000000
 3328.0000000 286368.10042 7394502.2945 -3189.222631 3206.2226312 329.00041677 40.694513492 53.507646404 61.800000000 4.2723710758 52.670000000
 3340.0000000 286376.52965 7394508.7886 -3194.772817 3211.7728169 337.42964860 47.188625248 52.947646404 63.100000000 3.4789481555 52.110000000
 3353.0000000 286385.68397 7394516.0452 -3200.479705 3217.4797050 346.58397124 54.445221100 51.927646404 64.820000000 4.4974441849 51.090000000
 3368.0000000 286396.29070 7394524.6966 -3206.618717 3223.6187166 357.19070022 63.096566668 51.347646404 66.860000000 4.2150207849 50.510000000
 3384.0000000 286407.68267 7394534.1379 -3212.713100 3229.7131002 368.58266627 72.537860228 51.027646404 68.360000000 2.8666873919 50.190000000
 3397.0000000 286417.01728 7394541.9263 -3217.321887 3234.3218874 377.91728457 80.326259570 50.967646404 70.110000000 4.0405360465 50.130000000
 3405.0000000 286422.80560 7394546.7704 -3219.976508 3236.9765080 383.70559986 85.170360552 50.857646404 71.130000000 3.8447417924 50.020000000
 3415.0000000 286430.07261 7394552.8757 -3223.129648 3240.1296484 390.97261194 91.275704342 50.747646404 72.110000000 2.9566314274 49.910000000
 3425.0000000 286437.40658 7394559.0131 -3226.056598 3243.0565984 398.30657846 97.413118243 51.077646404 73.850000000 5.3051333635 50.240000000
 3437.0000000 286446.29922 7394566.4117 -3229.253287 3246.2532870 407.19922414 104.81167156 51.077646404 75.250000000 3.5000000000 50.240000000
 3454.0000000 286459.06754 7394576.8767 -3233.316893 3250.3168935 419.96754250 115.27668222 51.917646404 77.090000000 3.5517585334 51.080000000
 3496.0000000 286490.76822 7394603.4000 -3240.705377 3257.7053770 451.66822014 141.79999667 49.937646404 82.640000000 4.2014476361 49.100000000
 3508.0000000 286499.68418 7394611.2980 -3242.177215 3259.1772151 460.58418017 149.69799417 48.667646404 83.270000000 3.5227118870 47.830000000
 3529.0000000 286515.07459 7394625.3217 -3244.930900 3261.9309004 475.97459422 163.72166799 48.327646404 81.660000000 2.3498607516 47.490000000
 3541.0000000 286523.80258 7394633.3544 -3246.758437 3263.7584370 484.70257971 171.75444253 48.097646404 80.820000000 2.1755344780 47.260000000
 3573.0000000 286546.73759 7394654.9852 -3252.265707 3269.2657068 507.63759450 193.38518211 46.927646404 79.360000000 1.7438193142 46.090000000
 3588.0000000 286557.34301 7394665.2285 -3255.035272 3272.0352721 518.24301232 203.62848228 46.737646404 79.360000000 0.3734665354 45.900000000
 3602.0000000 286567.21982 7394674.7964 -3257.674203 3274.6742032 528.11981805 213.19641224 46.757646404 78.910000000 0.9652038143 45.920000000
 3618.0000000 286578.54116 7394685.7120 -3260.632496 3277.6324964 539.44115819 224.11203922 47.007646404 79.780000000 1.6950477900 46.170000000
 3631.0000000 286587.82443 7394694.5538 -3262.798220 3279.7982201 548.72443092 232.95377472 47.457646404 81.040000000 3.0827099183 46.620000000
 3643.0000000 286596.49415 7394702.6624 -3264.566749 3281.5667485 557.39415177 241.06237383 48.047646404 82.010000000 2.8300071181 47.210000000
 3658.0000000 286607.38675 7394712.8218 -3266.349192 3283.3491923 568.28674657 251.22181964 47.617646404 84.340000000 4.7375785273 46.780000000
 3688.0000000 286629.20382 7394733.2592 -3268.911627 3285.9116269 590.10382245 271.65918567 47.797646404 85.860000000 1.5305429363 46.960000000
 3718.0000000 286651.18512 7394753.6281 -3270.337758 3287.3377577 612.08512149 292.02810352 48.237646404 88.690000000 2.8639173994 47.400000000
 3745.0000000 286671.09916 7394771.8599 -3270.851377 3287.8513767 631.99916082 310.25991580 48.487646404 89.130000000 0.5622673188 47.650000000
 3775.0000000 286693.40196 7394791.9273 -3271.257159 3288.2571588 654.30195827 330.32727836 49.227646404 89.320000000 0.7639367208 48.390000000
 3803.0000000 286714.22154 7394810.6535 -3271.599239 3288.5992394 675.12153615 349.05351228 48.507646404 89.280000000 0.7725606307 47.670000000
 3835.0000000 286737.76750 7394832.3278 -3271.965056 3288.9650557 698.66749872 370.72781934 47.907646404 89.410000000 0.5755156650 47.070000000
 3863.0000000 286758.27087 7394851.4007 -3272.268039 3289.2680389 719.17087089 389.80066735 47.907646404 89.350000000 0.0642857143 47.070000000
 3892.0000000 286779.60657 7394871.0438 -3272.708371 3289.7083713 740.50656979 409.44384410 48.497646404 88.910000000 0.7613245161 47.660000000
 3920.0000000 286800.45566 7394889.7342 -3273.179947 3290.1799470 761.35566255 428.13415638 49.427646404 89.160000000 1.0316657145 48.590000000
 3949.0000000 286822.27037 7394908.8449 -3273.589913 3290.5899127 783.17037108 447.24485474 49.807646404 89.220000000 0.3979346441 48.970000000
 3977.0000000 286843.40037 7394927.2193 -3273.985740 3290.9857401 804.30037294 465.61927146 49.847646404 89.160000000 0.0772594365 49.010000000
 4008.0000000 286866.72640 7394947.6396 -3274.448325 3291.4483246 827.62639729 486.03955805 49.427646404 89.130000000 0.4074420162 48.590000000
 4034.0000000 286886.18839 7394964.8640 -3275.285375 3292.2853748 847.08839275 503.26400977 49.227646404 87.180000000 2.2617900178 48.390000000
 4063.0000000 286907.81324 7394984.0600 -3277.507423 3294.5074235 868.71324217 522.45999182 49.257646404 84.030000000 3.2587675641 48.420000000
 4093.0000000 286930.20474 7395003.7488 -3280.859285 3297.8592845 891.10474196 542.14876517 49.767646404 83.140000000 1.0241814724 48.930000000
 4121.0000000 286950.85561 7395022.3392 -3284.339807 3301.3398067 911.75561183 560.73915068 47.917646404 82.580000000 2.0562478523 47.080000000
 4151.0000000 286973.07294 7395042.2541 -3287.467866 3304.4678656 933.97294022 580.65408746 50.007646404 85.450000000 3.5435254008 49.170000000
 4179.0000000 286994.28060 7395060.4279 -3289.513659 3306.5136593 955.18059644 598.82785328 50.477646404 86.170000000 0.9205048173 49.640000000
 4208.0000000 287016.28956 7395079.2752 -3290.727933 3307.7279328 977.18955573 617.67518841 50.047646404 89.030000000 2.9918087760 49.210000000
 4237.0000000 287038.08338 7395098.4113 -3290.991129 3307.9911287 998.98337800 636.81131827 49.057646404 89.930000000 1.3840432606 48.220000000
 4266.0000000 287059.52386 7395117.9445 -3291.056930 3308.0569296 1020.4238603 656.34447603 47.947646404 89.810000000 1.1549633809 47.110000000
 4294.0000000 287080.23652 7395136.7914 -3291.091139 3308.0911393 1041.1365165 675.19140901 49.127646404 90.050000000 1.2901690173 48.290000000
 4321.0000000 287100.34247 7395154.8187 -3291.074646 3308.0746458 1061.2424689 693.21865300 48.787646404 90.020000000 0.3792454403 47.950000000
 4351.0000000 287122.43576 7395175.1201 -3291.064174 3308.0641736 1083.3357589 713.52009493 47.727646404 90.020000000 1.0599999354 46.890000000
 4380.0000000 287143.39959 7395195.1639 -3291.054050 3308.0540503 1104.2995945 733.56392112 46.517646404 90.020000000 1.2517240617 45.680000000
 4410.0000000 287164.75553 7395216.2272 -3291.690131 3308.6901311 1125.6555332 754.62715229 45.947646404 87.550000000 2.5348774239 45.110000000
 4439.0000000 287185.04085 7395236.8579 -3293.672527 3310.6725273 1145.9408522 775.25791556 44.757646404 84.610000000 3.2799413967 43.920000000
 4467.0000000 287204.31526 7395256.9252 -3296.827465 3313.8274653 1165.2152598 795.32522968 44.607646404 82.450000000 2.3197879964 43.770000000
 4481.0000000 287213.91758 7395266.9489 -3298.666944 3315.6669441 1174.8175836 805.34885635 44.607646404 82.450000000 0.0000000000 43.770000000
