# WELL TRACE FROM PETREL 
# WELL NAME:              8-PPT-39HP-RJS
# DEFINITIVE SURVEY:      Explicit survey 1
# WELL HEAD X-COORDINATE: 290100.00000000 (m)
# WELL HEAD Y-COORDINATE: 7395865.00000000 (m)
# WELL DATUM (KB, Kelly bushing, from MSL): 17.00000000 (m)
# WELL TYPE:              INJECTION WATER
# MD AND TVD ARE REFERENCED (=0) AT WELL DATUM AND INCREASE DOWNWARDS
# ANGLES ARE GIVEN IN DEGREES
# XYZ TRACE IS GIVEN IN COORDINATE SYSTEM BRAZIL SIRGAS 2000 (WGS84) UTM24S CM 39W (Brazil SIRGAS 2000 (WGS84) UTM24S Lon range 42W - 36W) [Chevron,720787]
# AZIM_TN: azimuth in True North 
# AZIM_GN: azimuth in Grid North 
# DX DY ARE GIVEN IN GRID NORTH IN m-UNITS
# DEPTH (Z, tvd_z) GIVEN IN m-UNITS
#===============================================================================================================================================
      MD            X            Y            Z           TVD           DX          DY        AZIM_TN        INCL         DLS        AZIM_GN
#===============================================================================================================================================
 0.0000000000 290100.00000 7395865.0000 17.000000000 0.0000000000 0.0000000029 -0.000000002 0.8212662287 0.0000000000 0.0000000000 0.0000000000
 1394.0000000 290103.93529 7395870.1082 -1376.980120 1393.9801200 3.9352937215 5.1082383562 38.431266229 0.5300000000 0.0114060258 37.610000000
 1406.0000000 290104.02985 7395870.2202 -1388.979208 1405.9792076 4.0298542606 5.2201787774 42.581266229 0.8700000000 0.8588432855 41.760000000
 1471.0000000 290104.49492 7395870.7837 -1453.974931 1470.9749305 4.4949220457 5.7837300822 35.731266229 0.4200000000 0.2103503762 34.910000000
 1500.0000000 290104.61786 7395870.9724 -1482.974055 1499.9740554 4.6178625232 5.9723682776 32.291266229 0.4700000000 0.0586228144 31.470000000
 1527.0000000 290104.70600 7395871.1486 -1509.973331 1526.9733311 4.7060039712 6.1485827425 21.171266229 0.3700000000 0.1428531629 20.350000000
 1558.0000000 290104.74868 7395871.3721 -1540.972486 1557.9724855 4.7486775753 6.3720746962 4.2912662287 0.4800000000 0.1602000888 3.4700000000
 1588.0000000 290104.74834 7395871.6544 -1570.971150 1587.9711504 4.7483363816 6.6544229975 357.92126623 0.6000000000 0.1340001310 357.10000000
 1616.0000000 290104.75023 7395871.8038 -1598.970628 1615.9706276 4.7502280668 6.8038427960 73.071266229 0.0400000000 0.6332297455 72.250000000
 1641.0000000 290104.74405 7395871.8017 -1623.970623 1640.9706229 4.7440525700 6.8016672786 252.36126623 0.0700000000 0.1319976548 251.54000000
 1671.0000000 290104.74189 7395871.7920 -1653.970615 1670.9706153 4.7418925574 6.7919912226 105.09126623 0.0600000000 0.1247650311 104.27000000
 1700.0000000 290104.72116 7395871.7746 -1682.970588 1699.9705877 4.7211634960 6.7746481132 249.83126623 0.1500000000 0.2089494665 249.01000000
 1729.0000000 290104.69004 7395871.8318 -1711.970465 1728.9704648 4.6900429103 6.8317866968 4.3212662287 0.2800000000 0.3811065129 3.5000000000
 1758.0000000 290104.75171 7395871.8702 -1740.970297 1757.9702966 4.7517083994 6.8702295432 120.21126623 0.2600000000 0.4735796587 119.39000000
 1787.0000000 290104.74458 7395871.7410 -1769.969899 1786.9698986 4.7445822989 6.7409794033 214.44126623 0.4600000000 0.5636194338 213.62000000
 1818.0000000 290104.63604 7395871.7380 -1800.969479 1817.9694794 4.6360406869 6.7380476240 339.34126623 0.4000000000 0.7383733789 338.52000000
 1846.0000000 290104.66017 7395871.8967 -1828.968962 1845.9689618 4.6601726412 6.8967211843 42.331266229 0.3700000000 0.4318681476 41.510000000
 1875.0000000 290104.88130 7395871.9781 -1857.967931 1874.9679308 4.8812956773 6.9781399192 86.761266229 0.6300000000 0.4636525501 85.940000000
 1903.0000000 290104.99343 7395872.0270 -1885.967433 1902.9674330 4.9934277476 7.0270143282 313.32126623 0.2300000000 0.8631910193 312.50000000
 1931.0000000 290104.78417 7395872.0485 -1913.966530 1930.9665304 4.7841712099 7.0485334489 265.22126623 0.6900000000 0.6032709281 264.40000000
 1959.0000000 290104.34145 7395872.0904 -1941.962898 1958.9628983 4.3414546070 7.0904107532 282.80126623 1.1500000000 0.5727015400 281.98000000
 1989.0000000 290103.93552 7395872.0459 -1971.959774 1988.9597736 3.9355241483 7.0458677821 226.96126623 0.5900000000 0.9532075232 226.14000000
 2018.0000000 290103.66806 7395871.9690 -2000.958326 2017.9583259 3.6680603253 6.9689914454 280.27126623 0.6400000000 0.5726867648 279.45000000
 2046.0000000 290103.53395 7395872.0085 -2028.957795 2045.9577950 3.5339468868 7.0084741320 56.431266229 0.1000000000 0.7665944044 55.610000000
 2074.0000000 290103.54437 7395872.1171 -2056.957538 2073.9575381 3.5443662475 7.1170859281 354.95126623 0.3900000000 0.3785913318 354.13000000
 2106.0000000 290103.61094 7395872.2342 -2088.957162 2105.9571620 3.6109412136 7.2341559408 84.421266229 0.2800000000 0.4481196697 83.600000000
 2134.0000000 290103.73695 7395872.1858 -2116.956812 2133.9568120 3.7369529413 7.1857622806 134.82126623 0.3300000000 0.2824663128 134.00000000
 2162.0000000 290103.79615 7395872.0662 -2144.956475 2161.9564747 3.7961509852 7.0662132604 179.75126623 0.2600000000 0.2512995685 178.93000000
 2189.0000000 290103.80632 7395872.0158 -2171.956393 2188.9563933 3.8063173255 7.0158407139 40.471266229 0.0600000000 0.3421909752 39.650000000
 2222.0000000 290103.86739 7395872.2334 -2204.955428 2221.9554285 3.8673897762 7.2333558220 14.591266229 0.7300000000 0.6150222395 13.770000000
 2235.0000000 290103.91481 7395872.4203 -2217.953988 2234.9539885 3.9148083757 7.4203107655 15.401266229 0.9700000000 0.5545260633 14.580000000
 2248.0000000 290103.97435 7395872.6475 -2230.951865 2247.9518647 3.9743502409 7.6474924479 15.601266229 1.1000000000 0.3001153593 14.780000000
 2264.0000000 290104.15659 7395873.0773 -2246.944759 2263.9447595 4.1565884855 8.0772573482 27.781266229 2.2600000000 2.2636257511 26.960000000
 2278.0000000 290104.49515 7395873.6638 -2260.928175 2277.9281752 4.4951536735 8.6637865175 32.901266229 3.2900000000 2.2679793611 32.080000000
 2299.0000000 290105.31510 7395875.0251 -2281.866794 2298.8667944 5.3151041488 10.025076553 31.261266229 5.3900000000 3.0049284628 30.440000000
 2308.0000000 290105.78095 7395875.8054 -2290.820727 2307.8207268 5.7809514272 10.805434420 32.001266229 6.2000000000 2.7114068511 31.180000000
 2321.0000000 290106.57847 7395877.1380 -2303.727375 2320.7273752 6.5784653815 12.137952208 31.491266229 7.5200000000 3.0493659515 30.670000000
 2336.0000000 290107.63375 7395879.0283 -2318.569862 2335.5698620 7.6337538865 14.028327525 28.751266229 9.0800000000 3.2178549661 27.930000000
 2347.0000000 290108.48172 7395880.6638 -2329.414370 2346.4143699 8.4817185335 15.663761674 27.761266229 10.200000000 3.0877151451 26.940000000
 2363.0000000 290109.80681 7395883.3973 -2345.122944 2362.1229440 9.8068087726 18.397279524 25.741266229 11.690000000 2.8843983354 24.920000000
 2381.0000000 290111.28981 7395887.0230 -2362.690635 2379.6906348 11.289811277 22.022967059 20.741266229 13.470000000 3.4752272817 19.920000000
 2392.0000000 290112.15665 7395889.5410 -2373.363315 2390.3633154 12.156653423 24.540975452 18.961266229 14.550000000 3.1709276858 18.140000000
 2407.0000000 290113.30294 7395893.3172 -2387.834562 2404.8345619 13.302941624 28.317205217 16.561266229 15.960000000 3.0893216991 15.740000000
 2412.0000000 290113.66854 7395894.6327 -2392.644579 2409.6445795 13.668543141 29.632713346 16.141266229 15.730000000 1.5420074996 15.320000000
 2422.0000000 290114.34816 7395897.3117 -2402.255065 2419.2550647 14.348157098 32.311708271 14.011266229 16.360000000 2.5864783462 13.190000000
 2437.0000000 290115.26032 7395901.5628 -2416.611028 2433.6110282 15.260324417 36.562839116 11.911266229 17.340000000 2.3070316108 11.090000000
 2450.0000000 290116.03441 7395905.4877 -2428.980149 2445.9801492 16.034408984 40.487692377 12.041266229 18.500000000 2.6785124658 11.220000000
 2466.0000000 290117.08033 7395910.6573 -2444.085616 2461.0856155 17.080329164 45.657257905 12.461266229 19.990000000 2.8057648336 11.640000000
 2480.0000000 290118.07739 7395915.4712 -2457.194102 2474.1941018 18.077388723 50.471202717 12.581266229 21.120000000 2.4231099257 11.760000000
 2497.0000000 290119.11921 7395921.7471 -2472.957867 2489.9578669 19.119212478 56.747107600 8.0812662287 22.860000000 4.2723904247 7.2600000000
 2510.0000000 290119.61713 7395926.9294 -2484.869448 2501.8694483 19.617129961 61.929404691 4.6412662287 24.370000000 4.7162488997 3.8200000000
 2524.0000000 290120.00236 7395932.8929 -2497.529745 2514.5297449 20.002356136 67.892859284 4.4012662287 26.160000000 3.8419822436 3.5800000000
 2539.0000000 290120.46997 7395939.6989 -2510.888390 2527.8883902 20.469971951 74.698937994 5.0812662287 27.940000000 3.6132719941 4.2600000000
 2557.0000000 290121.13040 7395948.5108 -2526.568542 2543.5685420 21.130398397 83.510808336 5.1312662287 30.860000000 4.8668382114 4.3100000000
 2584.0000000 290122.10977 7395963.1857 -2549.204914 2566.2049142 22.109770912 98.185650626 4.2012662287 35.160000000 4.8107022397 3.3800000000
 2595.0000000 290122.47324 7395969.6534 -2558.095260 2575.0952602 22.473243300 104.65336564 3.8812662287 36.990000000 5.0172818297 3.0600000000
 2612.0000000 290122.93702 7395980.1681 -2571.444712 2588.4447123 22.937019037 115.16808603 2.8412662287 39.510000000 4.5897812751 2.0200000000
 2624.0000000 290123.06612 7395987.9149 -2580.608433 2597.6084329 23.066120327 122.91488378 0.7412662287 40.920000000 4.8899841414 359.92000000
 2640.0000000 290122.82569 7395998.5388 -2592.569967 2609.5699674 22.825685929 133.53878088 358.34126623 42.320000000 3.9775545636 357.52000000
 2654.0000000 290122.34718 7396008.0095 -2602.870394 2619.8703938 22.347184077 143.00951070 357.52126623 42.940000000 1.7836011194 356.70000000
 2668.0000000 290121.79618 7396017.5804 -2613.074244 2630.0742440 21.796176769 152.58044961 357.53126623 43.480000000 1.1572358621 356.71000000
 2681.0000000 290121.26952 7396026.5502 -2622.470441 2639.4704411 21.269519561 161.55019849 357.39126623 43.950000000 1.1073565395 356.57000000
 2699.0000000 290120.54189 7396039.0764 -2635.378088 2652.3780878 20.541885547 174.07643475 357.60126623 44.420000000 0.8204373379 356.78000000
 2713.0000000 290119.95385 7396048.8860 -2645.350751 2662.3507505 19.953846810 183.88597784 357.18126623 44.730000000 0.9166583588 356.36000000
 2728.0000000 290119.27762 7396059.4288 -2656.000766 2673.0007660 19.277620348 194.42884386 357.12126623 44.800000000 0.1635265568 356.30000000
 2746.0000000 290118.49359 7396072.1032 -2668.759764 2685.7597643 18.493592534 207.10319622 357.44126623 44.920000000 0.4260596235 356.62000000
 2764.0000000 290118.01884 7396084.8143 -2681.496451 2698.4964508 18.018841216 219.81432315 359.92126623 45.010000000 2.9246558818 359.10000000
 2780.0000000 290118.03792 7396096.1463 -2692.792940 2709.7929397 18.037917494 231.14626562 1.9112662287 45.170000000 2.6594387121 1.0900000000
 2803.0000000 290118.72456 7396112.5206 -2708.930948 2725.9309477 18.724561902 247.52064017 4.5212662287 45.720000000 2.5295798413 3.7000000000
 2814.0000000 290119.30139 7396120.3838 -2716.602613 2733.6026127 19.301385713 255.38379214 5.5112662287 45.840000000 1.9624697505 4.6900000000
 2843.0000000 290121.64848 7396141.1122 -2736.747333 2753.7473326 21.648480944 276.11219556 9.0412662287 46.180000000 2.6504988484 8.2200000000
 2865.0000000 290124.38233 7396156.7651 -2751.962905 2768.9629047 24.382329473 291.76506030 12.411266229 46.320000000 3.3248442284 11.590000000
 2885.0000000 290127.51372 7396170.8896 -2765.773588 2782.7735877 27.513722888 305.88958273 14.231266229 46.340000000 1.9748758546 13.410000000
 2900.0000000 290130.19715 7396181.4200 -2776.114517 2793.1145166 30.197152533 316.41996198 16.001266229 46.500000000 2.5842576322 15.180000000
 2920.0000000 290134.15025 7396195.4573 -2789.803067 2806.8030666 34.150245027 330.45732719 17.091266229 47.120000000 1.5118975276 16.270000000
 2936.0000000 290137.74585 7396206.6876 -2800.617854 2817.6178536 37.745847055 341.68755443 20.041266229 47.840000000 4.2941855394 19.220000000
 2956.0000000 290142.88240 7396220.6279 -2814.008992 2831.0089923 42.882402339 355.62790817 22.051266229 48.100000000 2.2731722642 21.230000000
 2971.0000000 290147.13126 7396230.9812 -2823.997864 2840.9978643 47.131258077 365.98118714 24.211266229 48.400000000 3.2782458510 23.390000000
 2985.0000000 290151.38766 7396240.5811 -2833.258189 2850.2581892 51.387664141 375.58105169 25.251266229 48.780000000 1.8592026519 24.430000000
 2999.0000000 290155.91653 7396250.0867 -2842.485935 2859.4859345 55.916534312 385.08671725 27.341266229 48.760000000 3.3683903159 26.520000000
 3009.0000000 290159.34978 7396256.8054 -2849.049915 2866.0499145 59.349779740 391.80543697 28.431266229 49.190000000 2.7838532598 27.610000000
 3030.0000000 290166.94613 7396270.8610 -2862.680362 2879.6803616 66.946126560 405.86101074 29.981266229 49.870000000 1.9444959332 29.160000000
 3043.0000000 290171.93824 7396279.5217 -2870.992449 2887.9924492 71.938240307 414.52171509 31.571266229 50.640000000 3.3341269524 30.750000000
 3063.0000000 290180.17264 7396292.7741 -2883.506148 2900.5061482 80.172635196 427.77412464 33.761266229 51.900000000 3.1840423483 32.940000000
 3078.0000000 290186.76259 7396302.6334 -2892.692847 2909.6928470 86.762592160 437.63340618 35.391266229 52.570000000 2.9046162301 34.570000000
 3100.0000000 290197.03126 7396316.8733 -2905.952353 2922.9523533 97.031263356 451.87332182 37.831266229 53.310000000 2.8403505883 37.010000000
 3113.0000000 290203.43659 7396325.1246 -2913.692667 2930.6926673 103.43659200 460.12456496 39.451266229 53.610000000 3.0823439387 38.630000000
 3130.0000000 290212.29072 7396335.6295 -2923.705635 2940.7056355 112.29072425 470.62950097 42.431266229 54.230000000 4.3885148850 41.610000000
 3141.0000000 290218.35156 7396342.2313 -2930.085114 2947.0851142 118.35155760 477.23125226 44.311266229 54.880000000 4.5375431659 43.490000000
 3159.0000000 290228.83080 7396352.6890 -2940.323413 2957.3234134 128.83079809 487.68900424 47.431266229 55.800000000 4.5434850969 46.610000000
 3181.0000000 290242.60532 7396364.7980 -2952.470951 2969.4709514 142.60531719 499.79803069 51.541266229 57.190000000 5.0425161718 50.720000000
 3198.0000000 290253.91931 7396373.6465 -2961.565891 2978.5658907 153.91931363 508.64652277 54.031266229 58.130000000 4.0661216853 53.210000000
 3215.0000000 290265.75134 7396382.0913 -2970.380826 2987.3808263 165.75134252 517.09129991 56.561266229 59.410000000 4.4357071683 55.740000000
 3226.0000000 290273.68316 7396387.3366 -2975.911766 2992.9117659 173.68316317 522.33660781 58.121266229 60.220000000 4.2900554155 57.300000000
 3243.0000000 290286.32333 7396395.1413 -2984.178615 3001.1786150 186.32332689 530.14125667 60.121266229 61.590000000 3.9185826360 59.300000000
 3258.0000000 290297.81106 7396401.8021 -2991.157067 3008.1570669 197.81105509 536.80210304 61.301266229 62.960000000 3.4454777093 60.480000000
 3271.0000000 290307.96465 7396407.4659 -2996.975909 3013.9759094 207.96465462 542.46592646 62.031266229 63.860000000 2.5657115695 61.210000000
 3286.0000000 290319.89530 7396413.8435 -3003.458515 3020.4585150 219.89529724 548.84349231 63.351266229 64.930000000 3.2011232209 62.530000000
 3301.0000000 290332.04516 7396420.0551 -3009.690817 3026.6908167 232.04515512 555.05506165 64.131266229 65.970000000 2.5178946296 63.310000000
 3316.0000000 290344.39482 7396426.1138 -3015.675731 3032.6757307 244.39482064 561.11383284 65.241266229 67.000000000 2.8960733551 64.420000000
 3329.0000000 290355.24687 7396431.2433 -3020.671563 3037.6715632 255.24687287 566.24334710 65.801266229 67.800000000 2.1981053664 64.980000000
 3346.0000000 290369.63768 7396437.7690 -3026.946351 3043.9463514 269.63768044 572.76903309 67.051266229 68.880000000 2.7991424272 66.230000000
 3358.0000000 290379.93263 7396442.2324 -3031.203735 3048.2037351 279.93262864 577.23239565 67.711266229 69.560000000 2.2955996034 66.890000000
 3375.0000000 290394.69391 7396448.3627 -3036.998640 3053.9986400 294.69390794 583.36273216 68.821266229 70.580000000 2.5750764521 68.000000000
 3397.0000000 290414.12748 7396455.9283 -3044.010374 3061.0103738 314.12748043 590.92834274 70.271266229 72.250000000 2.9492543097 69.450000000
 3411.0000000 290426.72068 7396460.4157 -3048.170414 3065.1704136 326.72068428 595.41566762 72.141266229 73.180000000 4.3139962096 71.320000000
 3424.0000000 290438.58547 7396464.2293 -3051.873731 3068.8737309 338.58546862 599.22928647 73.861266229 73.720000000 4.0036376627 73.040000000
 3446.0000000 290458.94847 7396470.0268 -3057.857069 3074.8570689 358.94846983 605.02684089 75.991266229 74.720000000 3.1099315017 75.170000000
 3464.0000000 290475.80298 7396474.3870 -3062.438364 3079.4383643 375.80298153 609.38697599 76.641266229 75.790000000 2.0682901211 75.820000000
 3485.0000000 290495.65669 7396479.2537 -3067.256781 3084.2567813 395.65669440 614.25368591 77.451266229 77.680000000 2.9254653320 76.630000000
 3502.0000000 290511.82797 7396483.0525 -3070.881205 3087.8812047 411.82797122 618.05252436 77.751266229 77.700000000 0.5184424578 76.930000000
 3516.0000000 290525.17470 7396485.9981 -3073.919814 3090.9198144 425.17469874 620.99807817 79.001266229 77.230000000 2.8019745348 78.180000000
 3545.0000000 290553.03386 7396490.7159 -3080.434119 3097.4341192 453.03386054 625.71592348 83.421266229 76.820000000 4.4757464904 82.600000000
 3573.0000000 290580.10343 7396493.9820 -3086.818594 3103.8185937 480.10342869 628.98202491 84.461266229 76.820000000 1.0849330419 83.640000000
 3602.0000000 290608.27275 7396496.9720 -3093.040832 3110.0408318 508.27274559 631.97202259 85.061266229 78.400000000 1.7432803242 84.240000000
 3630.0000000 290635.70895 7396499.6350 -3097.960197 3114.9601975 535.70895351 634.63500867 85.491266229 81.360000000 3.2036874705 84.670000000
 3660.0000000 290665.16573 7396502.0039 -3103.130807 3120.1308068 565.16572773 637.00385246 86.961266229 78.790000000 2.9497826332 86.140000000
 3689.0000000 290693.45774 7396503.3627 -3109.353497 3126.3534974 593.45774096 638.36274444 89.191266229 76.430000000 3.3220850725 88.370000000
 3717.0000000 290720.53052 7396503.8157 -3116.489232 3133.4892318 620.53052114 638.81569700 90.541266229 74.040000000 2.9177348625 89.720000000
 3744.0000000 290746.41579 7396503.4646 -3124.165108 3141.1651083 646.41579332 638.46457458 92.661266229 72.930000000 2.5731563020 91.840000000
 3757.0000000 290758.83267 7396502.8822 -3127.974871 3144.9748710 658.83267125 637.88219684 94.351266229 72.990000000 3.7313496429 93.530000000
 3773.0000000 290774.09636 7396501.6229 -3132.607997 3149.6079968 674.09635774 636.62291749 96.721266229 73.350000000 4.3066083753 95.900000000
 3802.0000000 290801.70238 7396498.4971 -3140.934422 3157.9344224 701.70237719 633.49708829 97.841266229 73.280000000 1.1121984288 97.020000000
 3830.0000000 290828.28930 7396495.0251 -3149.013408 3166.0134082 728.28930131 630.02513748 98.681266229 73.180000000 0.8683581426 97.860000000
 3860.0000000 290856.75099 7396491.2123 -3157.709464 3174.7094637 756.75098740 626.21225627 98.221266229 73.120000000 0.4443204205 97.400000000
 3885.0000000 290880.58112 7396488.3354 -3164.707318 3181.7073185 780.58112063 623.33543623 97.191266229 74.370000000 1.9125705651 96.370000000
 3917.0000000 290911.42754 7396485.2831 -3172.659752 3189.6597517 811.42753776 620.28307929 95.761266229 76.850000000 2.6630011810 94.940000000
 3945.0000000 290938.61885 7396483.0857 -3178.984627 3195.9846270 838.61885071 618.08573602 95.121266229 77.040000000 0.6983213560 94.300000000
 3974.0000000 290966.99929 7396481.0394 -3184.579241 3201.5792407 866.99928836 616.03941153 94.771266229 80.710000000 3.8131312798 93.950000000
 4003.0000000 290995.67762 7396479.1045 -3188.426680 3205.4266796 895.67762168 614.10451671 94.591266229 84.040000000 3.4497665917 93.770000000
 4030.0000000 291022.50929 7396477.2539 -3190.831439 3207.8314386 922.50929452 612.25394940 94.941266229 85.740000000 1.9281920972 94.120000000
 4060.0000000 291052.32956 7396475.1372 -3193.378248 3210.3782482 952.32955568 610.13720769 94.821266229 84.520000000 1.2258448778 94.000000000
 4077.0000000 291069.20749 7396474.0767 -3195.133111 3212.1331107 969.20749371 609.07666658 94.011266229 83.630000000 2.1185256950 93.190000000
 4096.0000000 291088.04507 7396473.0844 -3197.423912 3214.4239119 988.04506792 608.08435855 93.661266229 82.520000000 1.8364829452 92.840000000
