# WELL TRACE FROM PETREL 
# WELL NAME:              9-PPT-15D-RJS
# DEFINITIVE SURVEY:      Explicit survey 1
# WELL HEAD X-COORDINATE: 289519.51000000 (m)
# WELL HEAD Y-COORDINATE: 7397832.09000000 (m)
# WELL DATUM (KB, Kelly bushing, from MSL): 21.00000000 (m)
# WELL TYPE:              OIL
# MD AND TVD ARE REFERENCED (=0) AT WELL DATUM AND INCREASE DOWNWARDS
# ANGLES ARE GIVEN IN DEGREES
# XYZ TRACE IS GIVEN IN COORDINATE SYSTEM BRAZIL SIRGAS 2000 (WGS84) UTM24S CM 39W (Brazil SIRGAS 2000 (WGS84) UTM24S Lon range 42W - 36W) [Chevron,720787]
# AZIM_TN: azimuth in True North 
# AZIM_GN: azimuth in Grid North 
# DX DY ARE GIVEN IN GRID NORTH IN m-UNITS
# DEPTH (Z, tvd_z) GIVEN IN m-UNITS
#===============================================================================================================================================
      MD            X            Y            Z           TVD           DX          DY        AZIM_TN        INCL         DLS        AZIM_GN
#===============================================================================================================================================
 0.0000000000 289519.51000 7397832.0900 21.000000000 0.0000000000 -0.000000004 -0.000000001 0.8228390226 0.0000000000 0.0000000000 0.0000000001
 1202.0000000 289519.51000 7397832.0900 -1181.000000 1202.0000000 -0.000000004 -0.000000001 0.8228390226 0.0000000000 0.0000000000 0.0000000001
 1281.0000000 289519.79975 7397831.5806 -1259.997102 1280.9971022 0.2897512255 -0.509433131 151.19283832 0.8500000201 0.3227848178 150.36999930
 1291.0000000 289519.89149 7397831.4776 -1269.996134 1290.9961342 0.3814911945 -0.612444375 125.80284586 0.7699999887 1.0933675200 124.98000683
 1319.0000000 289520.18720 7397831.2651 -1297.993767 1318.9937666 0.6771977817 -0.824855518 127.27283949 0.7200000158 0.0573478192 126.45000047
 1349.0000000 289520.42344 7397831.0749 -1327.992203 1348.9922026 0.9134373523 -1.015061628 133.57284272 0.4399999859 0.2867511752 132.75000369
 1368.0000000 289520.54219 7397830.9502 -1346.991416 1367.9914155 1.0321878471 -1.139772386 139.90284472 0.5999999954 0.2680443651 139.08000570
 1378.0000000 289520.62144 7397830.8997 -1356.990959 1377.9909586 1.1114412321 -1.190250519 104.46284130 0.5299999479 1.0509964689 103.64000227
 1406.0000000 289520.89464 7397830.7602 -1384.989239 1405.9892390 1.3846416716 -1.329814474 127.32284254 0.7500000209 0.3567059511 126.50000352
 1436.0000000 289521.21001 7397830.5497 -1414.986840 1435.9868404 1.7000111149 -1.540332400 121.57284238 0.6999999946 0.0882200541 120.75000336
 1465.0000000 289521.50115 7397830.4042 -1443.985006 1464.9850062 1.9911489297 -1.685819786 112.39284182 0.5899999581 0.1557883092 111.57000280
 1492.0000000 289521.73883 7397830.3133 -1470.983804 1491.9838037 2.2288336632 -1.776748298 110.99284026 0.4900000122 0.1120658046 110.17000123
 1520.0000000 289521.95392 7397830.1351 -1498.982357 1519.9823566 2.4439226202 -1.954852691 143.93284362 0.6999999946 0.4209739987 143.11000459
 1551.0000000 289522.28068 7397829.7682 -1529.978389 1550.9783888 2.7706757314 -2.321784678 136.14285011 1.1200000127 0.4227926113 135.32001109
 1581.0000000 289522.73128 7397829.2831 -1559.971049 1580.9710490 3.2212832014 -2.806943357 139.36283616 1.4099999197 0.2984719902 138.53999714
 1606.0000000 289523.12962 7397828.8373 -1584.963901 1605.9639008 3.6196187496 -3.252688724 138.69283798 1.3300000484 0.0979038220 137.86999895
 1630.0000000 289523.47646 7397828.4182 -1608.957731 1629.9577306 3.9664631003 -3.671808984 143.85284178 1.2699999315 0.1643552025 143.03000276
 1638.0000000 289523.58192 7397828.2509 -1616.955274 1637.9552737 4.0719211471 -3.839068817 152.42284934 1.5700000892 1.3753700674 151.60001032
 1667.0000000 289523.98004 7397827.2857 -1645.936066 1666.9360656 4.4700448451 -4.804337716 162.06284900 2.5699999748 1.0918102157 161.24000998
 1727.0000000 289524.48453 7397823.6896 -1705.822688 1726.8226882 4.9745329932 -8.400354252 179.05283971 4.4399999016 1.0596935067 178.23000069
 1756.0000000 289524.37540 7397821.1216 -1734.707790 1755.7077901 4.8654029813 -10.96844959 186.50283687 5.7499998754 1.5154436883 185.67999784
 1792.0000000 289524.08202 7397817.4046 -1770.514155 1791.5141547 4.5720227713 -14.68536639 184.24284230 6.1399998350 0.3789842291 183.42000327
 1830.0000000 289523.89160 7397813.3543 -1808.297254 1829.2972539 4.3815967703 -18.73568380 182.78285080 6.1099999367 0.1252388813 181.96001178
 1855.0000000 289523.76355 7397810.6594 -1833.151271 1854.1512709 4.2535516120 -21.43062560 184.28285084 6.2800003569 0.2816686403 183.46001182
 1870.0000000 289523.63737 7397809.0012 -1848.058817 1869.0588172 4.1273671874 -23.08880893 186.04284540 6.4499999234 0.5175345045 185.22000637
 1882.0000000 289523.53294 7397807.5936 -1859.975474 1880.9754739 4.0229353053 -24.49644438 184.17285023 7.0599998493 1.6209147311 183.35001121
 1896.0000000 289523.44848 7397805.7256 -1873.849802 1894.8498019 3.9384769092 -26.36438919 182.76284653 8.2899995249 2.6662277828 181.94000750
 1906.0000000 289523.41171 7397804.2271 -1883.736794 1904.7367944 3.9017120298 -27.86289582 181.73284772 8.9499998506 2.0333656186 180.91000870
 1935.0000000 289523.55152 7397799.1791 -1912.291873 1933.2918734 4.0415216456 -32.91085372 177.22283783 11.119999615 2.3858309159 176.39999881
 1946.0000000 289523.73127 7397796.9454 -1923.060998 1944.0609985 4.2212700238 -35.14461777 175.32284388 12.389999867 3.6204867533 174.50000486
 1960.0000000 289524.08618 7397793.7897 -1936.695803 1957.6958029 4.5761769524 -38.30025232 173.58283834 13.830000112 3.1991732641 172.75999931
 1973.0000000 289524.54287 7397790.6358 -1949.299139 1970.2991389 5.0328673275 -41.45416115 171.63284133 14.550000234 1.9941683186 170.81000231
 1988.0000000 289525.22313 7397786.9012 -1963.810920 1984.8109195 5.7131342735 -45.18880650 169.38284127 14.770000627 1.2208202856 168.56000225
 2000.0000000 289525.85684 7397783.8572 -1975.401188 1996.4011884 6.3468439389 -48.23280882 168.75283637 15.260000106 1.2911524844 167.92999735
 2015.0000000 289526.72442 7397779.9005 -1989.843930 2010.8439302 7.2144152986 -52.18950875 168.17284978 16.069999070 1.6499779385 167.35001076
 2026.0000000 289527.41493 7397776.8768 -2000.397692 2021.3976920 7.9049325307 -55.21323891 167.75283634 16.679999849 1.6946821864 166.92999732
 2039.0000000 289528.28899 7397773.1717 -2012.827923 2033.8279234 8.7789949279 -58.91830670 167.35284244 17.370000927 1.6150740498 166.53000341
 2053.0000000 289529.31272 7397769.0049 -2026.154230 2047.1542302 9.8027211317 -63.08511168 166.70284852 18.319999986 2.0799469392 165.88000950
 2076.0000000 289531.12515 7397761.6527 -2047.871368 2068.8713681 11.615153564 -70.43725370 167.22283755 20.120000719 2.3583974408 166.39999853
 2090.0000000 289532.36266 7397756.8364 -2060.958285 2081.9582850 12.852662379 -75.25363946 165.65284544 21.490000063 3.1693461835 164.83000642
 2103.0000000 289533.65285 7397752.1246 -2073.005514 2094.0055141 14.142854234 -79.96542067 165.37284665 22.650000118 2.6879031139 164.55000763
 2117.0000000 289535.15523 7397746.7695 -2085.853231 2106.8532313 15.645226393 -85.32047962 164.94283871 24.159999557 3.2563292590 164.11999968
 2130.0000000 289536.66935 7397741.5325 -2097.655064 2118.6550643 17.159350945 -90.55745639 164.46284297 25.420000411 2.9445309400 163.64000394
 2142.0000000 289538.16367 7397736.4920 -2108.442261 2129.4422614 18.653669411 -95.59798002 164.16283991 26.540001171 2.8192031337 163.34000088
 2155.0000000 289539.86698 7397730.8457 -2120.027813 2141.0278127 20.356977834 -101.2442775 163.91283990 27.409999932 2.0246687768 163.09000088
 2168.0000000 289541.65369 7397725.0060 -2131.504323 2152.5043225 22.143690678 -107.0839723 163.71284295 28.620000387 2.8007074990 162.89000392
 2182.0000000 289543.67186 7397718.4644 -2143.716616 2164.7166165 24.161859958 -113.6255505 163.64285088 29.919998829 2.7866755144 162.82001186
 2195.0000000 289545.63337 7397712.1577 -2154.914130 2175.9141305 26.123372207 -119.9322581 163.45284843 31.140000388 2.8241820682 162.63000941
 2209.0000000 289547.85015 7397705.0975 -2166.798737 2187.7987367 28.340145414 -126.9924632 163.33283805 32.669996913 3.2813785301 162.50999903
 2220.0000000 289549.66257 7397699.3670 -2176.011978 2197.0119781 30.152570712 -132.7230372 163.21284293 33.560001298 2.4338593194 162.39000391
 2233.0000000 289551.87636 7397692.4328 -2186.783628 2207.7836283 32.366364672 -139.6571680 163.02284048 34.529997443 2.2518695274 162.20000146
 2246.0000000 289554.15481 7397685.3212 -2197.425294 2218.4252938 34.644811232 -146.7687996 163.09284781 35.580002424 2.4248641209 162.27000879
 2258.0000000 289556.28919 7397678.5797 -2207.121048 2228.1210480 36.779193704 -153.5102671 163.41283988 36.619997763 2.6423597432 162.59000086
 2272.0000000 289558.81139 7397670.5089 -2218.279692 2239.2796915 39.301388464 -161.5811174 163.52284050 37.679998726 2.2758859632 162.70000148
 2285.0000000 289561.19816 7397662.8123 -2228.481587 2249.4815874 41.688156256 -169.2776834 163.66283989 38.919999080 2.8685348447 162.84000087
 2298.0000000 289563.65980 7397654.9098 -2238.506744 2259.5067442 44.149804557 -177.1802103 163.38284110 40.159999433 2.8909480195 162.56000208
 2311.0000000 289566.18565 7397646.8497 -2248.389749 2269.3897487 46.675648397 -185.2403056 163.46284294 40.869997597 1.6428409587 162.64000392
 2326.0000000 289569.15501 7397637.4154 -2259.668135 2280.6681346 49.645005702 -194.6746236 163.24284171 41.620000179 1.5277954031 162.42000269
 2336.0000000 289571.18835 7397631.0348 -2267.095432 2288.0954320 51.678350854 -201.0552313 163.05283926 42.450001352 2.5190823727 162.23000024
 2349.0000000 289573.89324 7397622.6076 -2276.618392 2297.6183921 54.383236655 -209.4823524 163.00283621 43.349998303 2.0784007560 162.17999719
 2363.0000000 289576.87609 7397613.3563 -2286.694896 2307.6948958 57.366092384 -218.7336692 162.90284536 44.580002675 2.6399169341 162.08000634
 2375.0000000 289579.49487 7397605.2654 -2295.162262 2316.1622617 59.984872853 -226.8245711 162.87284658 45.659999017 2.7005137164 162.05000756
 2388.0000000 289582.39286 7397596.3252 -2304.145193 2325.1451925 62.882860836 -235.7648039 162.85284231 46.919998164 2.9078817808 162.03000329
 2404.0000000 289586.04335 7397585.0904 -2314.937916 2335.9379164 66.533351234 -246.9996024 162.79284475 48.240000523 2.4763970852 161.97000573
 2417.0000000 289589.07838 7397575.7912 -2323.501600 2344.5016001 69.568381526 -256.2987808 162.70284841 49.349998470 2.5662944777 161.88000939
 2430.0000000 289592.18303 7397566.3376 -2331.868988 2352.8689878 72.673029041 -265.7524130 162.58283803 50.519999630 2.7083081557 161.75999901
 2444.0000000 289595.60128 7397555.9715 -2340.637414 2361.6374143 76.091282450 -276.1184866 162.56284902 51.919997165 3.0001805132 161.74000999
 2453.0000000 289597.84576 7397549.2069 -2346.134270 2367.1342700 78.335758724 -282.8831167 162.37284657 52.789999340 2.9430455253 161.55000755
 2466.0000000 289601.16026 7397539.3127 -2353.889615 2374.8896146 81.650262004 -292.7772941 162.23284718 53.959997085 2.7124150145 161.41000815
 2480.0000000 289604.79482 7397528.4877 -2361.991393 2382.9913926 85.284823684 -303.6022757 162.29284474 55.320000447 2.9161782196 161.47000571
 2495.0000000 289608.77395 7397516.7090 -2370.385627 2391.3856271 89.263948213 -315.3810208 162.02284046 56.619997182 2.6382243976 161.20000143
 2507.0000000 289612.02963 7397507.1702 -2376.900121 2397.9001215 92.519634752 -324.9197845 161.93284412 57.620001763 2.5071412226 161.11000509
 2520.0000000 289615.61669 7397496.7381 -2383.780352 2404.7803516 96.106691088 -335.3518501 161.76284594 58.469998314 1.9895703560 160.94000692
 2534.0000000 289619.54109 7397485.4086 -2391.010704 2412.0107038 100.03108562 -346.6814365 161.67284960 59.340000490 1.8715898231 160.85001058
 2547.0000000 289623.24670 7397474.8006 -2397.550880 2418.5508802 103.73669580 -357.2893534 161.46284288 60.250000254 2.1413573496 160.64000386
 2559.0000000 289626.70938 7397464.9238 -2403.423410 2424.4234099 107.19937997 -367.1662140 161.54284472 61.150000620 2.2567508709 160.72000569
 2571.0000000 289630.18749 7397454.9612 -2409.140064 2430.1400640 110.67748776 -377.1287912 161.61283678 61.950000187 2.0059073424 160.78999776
 2584.0000000 289633.99158 7397444.0956 -2415.181971 2436.1819711 114.48157924 -387.9943728 161.44283861 62.659998351 1.6748724437 160.61999959
 2600.0000000 289638.71407 7397430.6855 -2422.525326 2443.5253264 119.20407380 -401.4045346 161.40284532 62.700002769 0.1003238733 160.58000630
 2618.0000000 289644.02720 7397415.5770 -2430.746097 2451.7460971 124.51719862 -416.5129521 161.49284166 62.950001353 0.4375094390 160.67000264
 2651.0000000 289653.75498 7397387.8765 -2445.822631 2466.8226311 134.24498305 -444.2134749 161.45284838 62.679997145 0.2475798263 160.63000935
 2677.0000000 289661.46500 7397366.0922 -2457.745517 2478.7455170 141.95499950 -465.9977837 161.21284288 62.730000960 0.2527682740 160.39000385
 2716.0000000 289673.08757 7397333.4345 -2475.626802 2496.6268017 153.57756705 -498.6555162 161.25283616 62.689996542 0.0411634192 160.42999714
 2755.0000000 289684.78758 7397300.8028 -2493.505096 2514.5050956 165.27758068 -531.2871752 160.94283860 62.740000357 0.2153902537 160.11999957
 2792.0000000 289695.93841 7397269.8644 -2510.469395 2531.4693953 176.42841425 -562.2256224 161.06284897 62.679997145 0.0992215885 160.24000995
 2832.0000000 289707.88210 7397236.3504 -2528.759541 2549.7595405 188.37209683 -595.7395709 161.35284227 62.900004369 0.2542447581 160.53000325
 2871.0000000 289719.35151 7397203.5810 -2546.534926 2567.5349255 199.84150519 -628.5090218 161.71284289 62.869999348 0.2475660424 160.89000387
 2911.0000000 289730.96237 7397169.9182 -2564.766052 2585.7660515 211.45236947 -662.1718162 161.87284656 62.900004369 0.1091584984 161.05000753
 2950.0000000 289742.32641 7397137.1104 -2582.538395 2603.5383954 222.81641015 -694.9796156 161.56284899 62.879998745 0.2128179528 160.74000997
 2988.0000000 289753.46193 7397105.1608 -2599.846152 2620.8461517 233.95193242 -726.9291979 161.65284533 62.930002559 0.0745603891 160.83000631
 3027.0000000 289764.90435 7397072.3950 -2617.645724 2638.6457241 245.39435355 -759.6949734 161.49284166 62.759999151 0.1705708687 160.67000264
 3067.0000000 289776.58573 7397038.8040 -2635.963819 2656.9638190 257.07572920 -793.2860276 161.80283923 62.730000960 0.2079064484 160.98000021
 3105.0000000 289787.56305 7397006.8606 -2653.383664 2674.3836641 268.05305140 -825.2294132 161.91283984 62.700002769 0.0807320518 161.09000082
 3120.0000000 289791.85819 7396994.2403 -2660.263414 2681.2634141 272.34818860 -837.8497316 162.14285084 62.700002769 0.4087834161 161.32001181
 3144.0000000 289798.69829 7396974.1301 -2671.439907 2692.4399073 279.18829008 -857.9598779 161.93284412 61.790003006 1.1609778541 161.11000509
 3182.0000000 289809.67994 7396942.3021 -2689.065459 2710.0654589 290.16993900 -889.7878988 161.64285082 62.939995126 0.9302670480 160.82001180
 3223.0000000 289821.58565 7396907.7649 -2707.688672 2728.6886718 302.07565496 -924.3250523 161.96284290 63.029996529 0.2187414025 161.14000387
 3263.0000000 289833.05790 7396874.0178 -2725.851412 2746.8514122 313.54789901 -958.0722216 162.13284107 62.960000750 0.1251407385 161.31000205
 3301.0000000 289843.90239 7396841.9428 -2743.111915 2764.1119147 324.39238791 -990.1472246 162.15284534 63.009997735 0.0419039247 161.33000632
 3323.0000000 289850.02762 7396823.3186 -2753.098170 2774.0981698 330.51761817 -1008.771395 163.08283804 62.999998338 1.1300793327 162.25999902
 3340.0000000 289854.48967 7396808.8417 -2760.816240 2781.8162402 334.97966614 -1023.248260 164.30283930 62.999998338 1.9182791094 163.48000028
 3354.0000000 289857.94734 7396796.8467 -2767.156961 2788.1569605 338.43733962 -1035.243341 165.18284421 63.139996725 1.7077893180 164.36000518
 3378.0000000 289863.43949 7396776.0860 -2777.877480 2798.8774803 343.92948840 -1056.003954 166.82284364 63.799997905 2.0111116096 166.00000462
 3392.0000000 289866.37590 7396763.8498 -2784.016990 2805.0169896 346.86590263 -1068.240177 167.83283818 64.180002310 2.1086334597 167.00999915
 3417.0000000 289871.12565 7396741.7944 -2794.792155 2815.7921547 351.61564562 -1090.295617 169.50283639 64.760001483 1.9376199871 168.67999737
 3431.0000000 289873.49943 7396729.3322 -2800.716689 2821.7166890 353.98942747 -1102.757814 170.57284375 65.169997249 2.2555804745 169.75000472
 3444.0000000 289875.49369 7396717.6830 -2806.134647 2827.1346469 355.98369359 -1114.407042 171.64285110 65.570000447 2.4269761258 170.82001208
 3456.0000000 289877.16268 7396706.8706 -2811.068109 2832.0681092 357.65267721 -1125.219438 172.45284868 65.879995413 2.0020270092 171.63000966
 3470.0000000 289878.89719 7396694.1910 -2816.748062 2837.7480619 359.38719246 -1137.898986 173.61283712 66.250000421 2.4062988794 172.78999809
 3483.0000000 289880.25869 7396682.3504 -2821.942378 2842.9423778 360.74868529 -1149.739592 174.91284020 66.650003619 2.9009075613 174.09000118
 3495.0000000 289881.30756 7396671.3664 -2826.663018 2847.6630180 361.79756022 -1160.723569 175.82284389 67.019994967 2.2869825967 175.00000487
 3509.0000000 289882.29912 7396658.5098 -2832.118794 2853.1187936 362.78911756 -1173.580231 177.00283660 67.110003199 2.3366345108 176.17999758
 3522.0000000 289882.98762 7396646.5522 -2837.176480 2858.1764800 363.47761750 -1185.537800 178.05283968 67.099996972 2.2323066232 177.23000066
 3535.0000000 289883.44961 7396634.5820 -2842.230002 2863.2300023 363.93960980 -1197.507997 179.17285009 67.150000787 2.3841590035 178.35001107
 3547.0000000 289883.62823 7396623.5215 -2846.884262 2867.8842616 364.11822602 -1208.568512 180.62284708 67.209997169 3.3446076724 179.80000806
 3560.0000000 289883.56030 7396611.5346 -2851.918946 2872.9189462 364.05030154 -1220.555384 181.67285016 67.220003396 2.2341122798 180.85001114
 3574.0000000 289883.22283 7396598.6395 -2857.363500 2878.3634996 363.71282549 -1233.450498 182.97283799 67.010002400 2.6055622657 182.14999897
 3586.0000000 289882.70798 7396587.5987 -2862.039846 2883.0398465 363.19797898 -1244.491278 184.01284656 67.120002596 2.4102176763 183.19000754
 3599.0000000 289881.90160 7396575.6464 -2867.092382 2888.0923819 362.39160391 -1256.443551 185.35284294 67.140001390 2.8495746214 184.53000391
 3613.0000000 289880.74945 7396562.7989 -2872.538032 2893.5380322 361.23945255 -1269.291112 186.54284541 67.079998178 2.3527103628 185.72000639
 3627.0000000 289879.28519 7396549.9863 -2877.990570 2898.9905699 359.77519173 -1282.103735 188.14285156 67.079998178 3.1578805954 187.32001254
 3639.0000000 289877.73427 7396539.0406 -2882.661245 2903.6612451 358.22426805 -1293.049423 189.63284184 67.110003199 3.4320718960 188.81000281
 3652.0000000 289875.76254 7396527.2259 -2887.716913 2908.7169132 356.25253595 -1304.864150 190.96284370 67.120002596 2.8277317439 190.14000468
 3665.0000000 289873.50106 7396515.4650 -2892.776811 2913.7768112 353.99106351 -1316.624966 192.45284924 67.069998781 3.1694432440 191.63001022
 3678.0000000 289870.91726 7396503.7714 -2897.837813 2918.8378127 351.40726024 -1328.318635 194.11283769 67.110003199 3.5297526046 193.28999866
 3691.0000000 289868.05187 7396492.1445 -2902.901782 2923.9017824 348.54187131 -1339.945455 195.22283833 67.040000591 2.3647366004 194.39999931
 3704.0000000 289864.94696 7396480.5808 -2907.968926 2928.9689262 345.43695869 -1351.509170 196.48284813 67.079998178 2.6793360557 195.66000911
 3718.0000000 289861.34273 7396468.1950 -2913.413435 2934.4134346 341.83272845 -1363.895043 197.61283778 67.150000787 2.2358428597 196.78999876
 3730.0000000 289858.07688 7396457.6313 -2918.080089 2939.0800888 338.56688105 -1374.458671 198.39285184 67.079998178 1.8050440730 197.57001282
 3741.0000000 289854.90423 7396448.0069 -2922.361504 2943.3615044 335.39422567 -1384.083060 199.74284273 67.110003199 3.3924644086 198.92000370
 3754.0000000 289850.91775 7396436.6994 -2927.389897 2948.3898973 331.40774621 -1395.390630 200.74284275 67.379993747 2.2174049374 199.92000373
 3766.0000000 289847.04404 7396426.2948 -2931.947325 2952.9473247 327.53403902 -1405.795229 201.74284278 67.980005375 2.7565455352 200.92000376
 3780.0000000 289842.27919 7396414.1927 -2937.131849 2958.1318494 322.76919090 -1417.897252 202.88284220 68.550005152 2.5770138996 202.06000318
 3806.0000000 289832.82935 7396391.8350 -2946.456276 2967.4562758 313.31934576 -1440.255044 204.58283920 69.420000497 2.0881515021 203.76000018
 3820.0000000 289827.42382 7396379.8689 -2951.318072 2972.3180722 307.91381932 -1452.221113 205.68284533 69.940003290 2.4754264091 204.86000631
 3832.0000000 289822.58157 7396369.6690 -2955.385975 2976.3859748 303.07157009 -1462.420982 206.75283743 70.430001061 2.7988949749 205.92999841
 3846.0000000 289816.69008 7396357.8424 -2960.019054 2981.0190538 297.18008168 -1474.247616 207.85284356 70.919998832 2.4597046286 207.03000454
 3860.0000000 289810.53070 7396346.1107 -2964.543667 2985.5436668 291.02069813 -1485.979284 209.19283994 71.369999015 2.8833472927 208.37000092
 3873.0000000 289804.57596 7396335.3060 -2968.647184 2989.6471836 285.06595736 -1496.784003 210.17285095 71.829998595 2.3941370191 209.35001193
 3886.0000000 289798.42215 7396324.5718 -2972.640728 2993.6407277 278.91215057 -1507.518156 211.12284793 72.389998975 2.4541085109 210.30000890
 3899.0000000 289792.04456 7396313.9264 -2976.518641 2997.5186410 272.53455706 -1518.163614 212.37284796 72.900002370 2.9942774784 211.55000894
 3912.0000000 289785.44873 7396303.3710 -2980.276108 3001.2761077 265.93872915 -1528.719038 213.27284188 73.500000338 2.4228689285 212.45000286
 3926.0000000 289778.14354 7396292.0876 -2984.196129 3005.1961286 258.63354474 -1540.002443 214.21284435 73.980005542 2.1902571934 213.39000533
 3939.0000000 289771.17045 7396281.6988 -2987.730378 3008.7303783 251.66045484 -1550.391191 215.17285109 74.470003313 2.4132639144 214.35001207
 3952.0000000 289763.97806 7396271.4252 -2991.159758 3012.1597582 244.46805837 -1560.664803 216.46284441 74.940002290 3.0694668944 215.64000539
 3964.0000000 289757.18005 7396262.0426 -2994.288868 3015.2888685 237.67005425 -1570.047439 217.03285175 74.830002094 1.4029348730 216.21001273
 3977.0000000 289749.70283 7396251.9633 -2997.686420 3018.6864201 230.19283010 -1580.126709 217.75283773 74.869999681 1.6064135611 216.92999871
 3990.0000000 289742.07679 7396241.9959 -3001.082913 3022.0829131 222.56678624 -1590.094129 218.73284875 74.839994660 2.1841106250 217.91000973
 4003.0000000 289734.28963 7396232.1549 -3004.482678 3025.4826782 214.77963493 -1599.935101 219.62284816 74.839994660 1.9823681564 218.80000914
 4016.0000000 289726.37655 7396222.4159 -3007.885692 3028.8856923 206.86655126 -1609.674055 220.21284452 74.809996470 1.3158763704 219.39000549
 4029.0000000 289718.33698 7396212.7801 -3011.285458 3032.2854579 198.82697727 -1619.309907 221.11283844 74.869999681 2.0094062767 220.28999942
 4042.0000000 289710.16639 7396203.2472 -3014.663283 3035.6632828 190.65639472 -1628.842816 221.73284883 75.010004899 1.4189239431 220.91000981
 4055.0000000 289701.84382 7396193.8155 -3017.952323 3038.9523228 182.33382018 -1638.274521 222.76284764 75.679998645 2.7710261682 221.94000862
 4068.0000000 289693.32353 7396184.5043 -3021.074239 3042.0742390 173.81353412 -1647.585671 223.80284096 76.529995197 3.0455267487 222.98000193
 4081.0000000 289684.60135 7396175.3196 -3024.007501 3045.0075007 165.09135373 -1656.770364 224.88284282 77.389997976 3.1359169359 224.06000379
 4095.0000000 289674.98266 7396165.5845 -3026.966125 3047.9661249 155.47265657 -1666.505454 226.07284529 78.209996337 3.0495153309 225.25000627
 4108.0000000 289665.85859 7396156.6885 -3029.545720 3050.5457196 146.34859148 -1675.401460 227.02284227 78.900002537 2.6743914131 226.20000324
 4120.0000000 289657.28132 7396148.6029 -3031.801540 3052.8015404 137.77131590 -1683.487121 228.00283802 79.429997896 2.7469770782 227.17999900
 4134.0000000 289647.07272 7396139.3448 -3034.274787 3055.2747874 127.56272107 -1692.745248 229.23284904 80.219998066 3.0977340938 228.41001002
 4147.0000000 289637.39328 7396130.9261 -3036.390240 3057.3902404 117.88327531 -1701.163856 230.38284297 81.050002654 3.2442167101 229.56000395
 4160.0000000 289627.53700 7396122.6689 -3038.317400 3059.3173998 108.02700224 -1709.421058 231.35284422 81.899999205 2.9577210590 230.53000519
 4173.0000000 289617.50824 7396114.5868 -3040.090753 3061.0907527 97.998243485 -1717.503172 232.56285096 82.419995167 3.0152788323 231.74001194
 4186.0000000 289607.30204 7396106.7056 -3041.752772 3062.7527721 87.792041196 -1725.384365 233.73284917 82.890000975 2.8891527384 232.91001014
 4199.0000000 289596.92620 7396099.0278 -3043.313475 3064.3134751 77.416201153 -1733.062151 234.91284187 83.320002364 2.8797276883 234.09000285
 4212.0000000 289586.35855 7396091.5925 -3044.754760 3065.7547598 66.848548296 -1740.497501 236.47283948 83.949998523 3.8618877617 235.65000045
 4225.0000000 289575.58524 7396084.4306 -3046.051624 3067.0516243 56.075243775 -1747.659361 237.94284074 84.600000305 3.6936620606 237.12000172
 4237.0000000 289565.48271 7396078.0477 -3047.162196 3068.1621963 45.972711358 -1754.042322 239.13284321 84.779996280 2.9962211954 238.31000419
 4250.0000000 289554.37637 7396071.3926 -3048.345009 3069.3450085 34.866370799 -1760.697367 240.65284753 84.779996280 3.4931539068 239.83000850
 4271.0000000 289536.14644 7396061.1413 -3050.263023 3071.2630234 16.636436614 -1770.948686 242.29284696 84.739998693 2.3337641416 241.47000794
 4276.0000000 289531.76961 7396058.7663 -3050.721401 3071.7214007 12.259610939 -1773.323677 242.38284330 84.739998693 0.5377041621 241.56000428
 4297.0000000 289513.37824 7396048.8074 -3052.646585 3073.6465850 -6.131757884 -1783.282593 242.39285307 84.739998693 0.0142394488 241.57001405
 4315.0000000 289497.60849 7396040.2806 -3054.290487 3075.2904866 -21.90150625 -1791.809449 242.45285063 84.779996280 0.1198319397 241.63001161
 4333.0000000 289481.82722 7396031.7741 -3055.929696 3076.9296959 -37.68278072 -1800.315861 242.54284697 84.769996883 0.1502974781 241.72000795
 4355.0000000 289462.52964 7396021.3963 -3057.940821 3078.9408206 -56.98036220 -1810.693737 242.56285124 84.739998693 0.0491045112 241.74001222
 4374.0000000 289445.84678 7396012.4658 -3059.682656 3080.6826557 -73.66322316 -1819.624218 242.76284820 84.739998693 0.3144548745 241.94000917
 4394.0000000 289428.24747 7396003.1374 -3061.516168 3082.5161679 -91.26253176 -1828.952616 243.03285248 84.739998693 0.4033009106 242.21001345
 4413.0000000 289411.48966 7395994.3503 -3063.267909 3084.2679094 -108.0203425 -1837.739676 243.27284272 84.680002311 0.3890280914 242.45000370
 4432.0000000 289394.70367 7395985.6212 -3065.039460 3086.0394603 -124.8063339 -1846.468806 243.42285188 84.619999099 0.2541443258 242.60001285
 4443.0000000 289384.98615 7395980.5711 -3066.088986 3087.0889862 -134.5238518 -1851.518921 243.30284150 84.429996897 0.6121023474 242.48000248
 4469.0000000 289362.09138 7395968.5712 -3068.917210 3089.9172096 -157.4186203 -1863.518750 243.02284271 83.080003177 1.5904466302 242.20000369
 4472.0000000 289359.45832 7395967.1788 -3069.278920 3090.2789198 -160.0516806 -1864.911152 242.88284332 83.069996950 1.3933782477 242.06000429
 4485.0000000 289348.07161 7395961.1358 -3070.972360 3091.9723603 -171.4383935 -1870.954244 242.85284454 81.959995587 2.5624610104 242.03000551
 4498.0000000 289336.72265 7395955.1140 -3072.966720 3093.9667196 -182.7873493 -1876.976043 242.89285308 80.390001474 3.6242117905 242.07001406
 4510.0000000 289326.29198 7395949.5724 -3075.094789 3096.0947892 -193.2180171 -1882.517564 242.79284698 79.179999312 3.0349953846 241.97000795
 4525.0000000 289313.30854 7395942.6645 -3078.055752 3099.0557520 -206.2014594 -1889.425513 242.82284576 78.049999155 2.2607655181 242.00000673
 4537.0000000 289302.96320 7395937.1544 -3080.634594 3101.6345942 -216.5467995 -1894.935609 242.74284392 77.129999995 2.3082772309 241.92000490
 4550.0000000 289291.80081 7395931.1916 -3083.616385 3104.6163851 -227.7091886 -1900.898402 242.68284636 76.349999222 1.8050394964 241.86000734
 4571.0000000 289273.87975 7395921.5843 -3088.872401 3109.8724010 -245.6302498 -1910.505719 242.57284575 74.660005515 2.4190653566 241.75000673
 4589.0000000 289258.65236 7395913.3799 -3093.860905 3114.8609050 -260.8576446 -1918.710079 242.44284086 73.160000351 2.5086613606 241.62000184
 4615.0000000 289236.90935 7395901.5916 -3101.884037 3122.8840370 -282.6006470 -1930.498387 242.27284269 70.890000641 2.6258662114 241.45000367
 4628.0000000 289226.14939 7395895.7347 -3106.238447 3127.2384475 -293.3606054 -1936.355299 242.25283842 69.970001480 2.1235205025 241.42999939
 4647.0000000 289210.51147 7395887.2595 -3112.924886 3133.9248858 -308.9985331 -1944.830460 242.48284941 68.820002530 1.8473334190 241.66001039
 4667.0000000 289194.15256 7395878.4381 -3120.318099 3141.3180989 -325.3574449 -1953.651940 242.49284392 67.790003173 1.5450618279 241.67000489
 4684.0000000 289180.36893 7395870.9837 -3126.913942 3147.9139422 -339.1410729 -1961.106347 242.34285002 66.550002820 2.2017921864 241.52001099
 4706.0000000 289162.69838 7395861.4328 -3135.893526 3156.8935265 -356.8116163 -1970.657199 242.52284270 65.269998048 1.7597832989 241.70000367
 4724.0000000 289148.36160 7395853.7387 -3143.595769 3164.5957693 -371.1484003 -1978.351276 242.68284636 64.059995886 2.0310214647 241.86000734
 4745.0000000 289131.80558 7395844.8799 -3153.003410 3174.0034096 -387.7044170 -1987.210138 242.66284209 62.709995336 1.9287414296 241.84000307
 4766.0000000 289115.42462 7395836.1639 -3162.841081 3183.8410806 -404.0853798 -1995.926085 242.95285064 61.419997998 1.8788484071 242.13001162
 4784.0000000 289101.48651 7395828.8397 -3171.567591 3192.5675911 -418.0234937 -2003.250338 243.25283844 60.580000843 1.4666984662 242.42999942
 4802.0000000 289087.65015 7395821.6106 -3180.532107 3201.5321066 -431.8598526 -2010.479364 243.22283966 59.680000477 1.5006270386 242.40000064
 4824.0000000 289070.89711 7395812.8836 -3191.813382 3212.8133820 -448.6128855 -2019.206411 243.39285310 58.619996099 1.4590985298 242.57001407
 4841.0000000 289058.04296 7395806.3065 -3200.789240 3221.7892404 -461.4670378 -2025.783469 244.06285128 57.640000557 1.9997538157 243.24001226
 4862.0000000 289042.27961 7395798.4106 -3212.201896 3233.2018957 -477.2303916 -2033.679432 244.37284885 56.519999797 1.6426160832 243.55000983
 4881.0000000 289028.16404 7395791.4216 -3222.830539 3243.8305389 -491.3459577 -2040.668441 244.59285008 55.449999437 1.7138326860 243.77001106
 4913.0000000 289003.03036 7395786.6457 -3241.618504 3262.6185037 -516.4796435 -2045.444287 275.82283902 54.000000000 23.838992736 275.00000000
