# WELL TRACE FROM PETREL 
# WELL NAME:              9-PPT-21D-RJS
# DEFINITIVE SURVEY:      Explicit survey 1
# WELL HEAD X-COORDINATE: 286520.62000000 (m)
# WELL HEAD Y-COORDINATE: 7397198.74000000 (m)
# WELL DATUM (KB, Kelly bushing, from MSL): 17.00000000 (m)
# WELL TYPE:              OIL
# MD AND TVD ARE REFERENCED (=0) AT WELL DATUM AND INCREASE DOWNWARDS
# ANGLES ARE GIVEN IN DEGREES
# XYZ TRACE IS GIVEN IN COORDINATE SYSTEM BRAZIL SIRGAS 2000 (WGS84) UTM24S CM 39W (Brazil SIRGAS 2000 (WGS84) UTM24S Lon range 42W - 36W) [Chevron,720787]
# AZIM_TN: azimuth in True North 
# AZIM_GN: azimuth in Grid North 
# DX DY ARE GIVEN IN GRID NORTH IN m-UNITS
# DEPTH (Z, tvd_z) GIVEN IN m-UNITS
#===============================================================================================================================================
      MD            X            Y            Z           TVD           DX          DY        AZIM_TN        INCL         DLS        AZIM_GN
#===============================================================================================================================================
 0.0000000000 286520.62000 7397198.7400 17.000000000 0.0000000000 -0.000000003 -0.000000005 0.8347798393 0.0000000000 0.0000000000 0.0000000000
 1171.0000000 286520.62000 7397198.7400 -1154.000000 1171.0000000 -0.000000003 -0.000000005 0.8347798393 0.0000000000 0.0000000000 0.0000000000
 1194.0000000 286520.65085 7397198.8334 -1176.999720 1193.9997196 0.0308531822 0.0934007559 19.114781035 0.4900000122 0.6391304507 18.280001195
 1211.0000000 286520.67153 7397198.9603 -1193.999227 1210.9992265 0.0515270733 0.2202632017 358.72480445 0.3899999863 0.3251423415 357.89002461
 1240.3100586 286520.65500 7397199.0378 -1223.309093 1240.3090930 0.0349970266 0.2978484947 211.00478386 0.0999999992 0.4887815160 210.17000402
 1269.3199463 286520.67598 7397199.0269 -1252.318952 1269.3189525 0.0559793562 0.2869300488 72.804783063 0.1400000016 0.2323304547 71.970003223
 1298.4000244 286520.77269 7397199.0461 -1281.398859 1298.3988586 0.1526942254 0.3060897719 83.444782748 0.2499999981 0.1189896207 82.610002909
 1326.6700439 286520.90470 7397199.0829 -1309.668543 1326.6685429 0.2846971360 0.3429001793 68.654781421 0.3100000083 0.0991830061 67.820001582
 1355.0000000 286520.98397 7397199.1631 -1337.998249 1354.9982486 0.3639702408 0.4230970023 10.024779675 0.2099999957 0.2849783843 9.1899998361
 1384.0000000 286521.04542 7397199.3106 -1366.997786 1383.9977865 0.4254244337 0.5706498995 29.954781489 0.4300000020 0.2517347059 29.120001650
 1414.0000000 286521.21190 7397199.4466 -1396.996978 1413.9969784 0.5919026922 0.7065532990 72.254779996 0.4499999698 0.3180582177 71.420000156
 1442.0000000 286521.42259 7397199.5309 -1424.996058 1441.9960578 0.8025862646 0.7908899328 65.984783178 0.4799999749 0.0632419340 65.150003339
 1470.0000000 286521.63921 7397199.6614 -1452.994910 1469.9949101 1.0192104169 0.9213594943 54.454780263 0.5600000063 0.1407140529 53.620000424
 1499.0000000 286521.85609 7397199.8356 -1481.993575 1498.9935755 1.2360878249 1.0955508854 49.584781196 0.5400000385 0.0525791004 48.750001357
 1528.0000000 286522.11036 7397200.0223 -1510.991846 1527.9918460 1.4903613965 1.2823056187 58.304782659 0.7099999785 0.2010281380 57.470002820
 1556.0000000 286522.32735 7397200.3057 -1538.989482 1555.9894817 1.7073524267 1.5657225735 21.234780026 0.8299999989 0.5384743330 20.400000186
 1585.0000000 286522.42748 7397200.6982 -1567.986641 1584.9866414 1.8074753370 1.9582067020 8.6647799809 0.7799999726 0.1894353586 7.8300001416
 1614.0000000 286522.45090 7397201.0608 -1596.984356 1613.9843557 1.8309018252 2.3208046220 359.64478738 0.6600000056 0.1703968593 358.81000754
 1644.0000000 286522.49980 7397201.4337 -1626.981978 1643.9819779 1.8798024718 2.6936578741 15.534780058 0.7900000099 0.2382104375 14.700000218
 1672.0000000 286522.58147 7397201.8057 -1654.979386 1671.9793861 1.9614683199 3.0657101711 10.834780118 0.7699999887 0.0717993352 10.000000278
 1712.0000000 286522.67859 7397202.3699 -1694.975285 1711.9752847 2.0585906124 3.6299498426 10.394780525 0.8699999879 0.0751479922 9.5600006856
 1741.0000000 286522.73715 7397202.8062 -1723.971944 1740.9719440 2.1171466422 4.0661929380 6.5647800178 0.8699999879 0.0601479972 5.7300001785
 1781.0000000 286522.84824 7397203.3758 -1763.967720 1780.9677202 2.2282409822 4.6357557271 17.644779773 0.7999999938 0.1317212885 16.809999934
 1815.0000000 286522.99306 7397203.8683 -1797.963838 1814.9638384 2.3730557221 5.1282598004 16.854780743 0.9300000515 0.1151848987 16.020000904
 1844.0000000 286523.12040 7397204.3502 -1826.959550 1843.9595498 2.5004019858 5.6102287751 14.544780259 1.0399999279 0.1209582422 13.710000420
 1875.0000000 286523.25586 7397204.8992 -1857.954394 1874.9543939 2.6358645721 6.1592214042 14.844780458 1.0499999652 0.0110312051 14.010000619
 1904.0000000 286523.37534 7397205.4506 -1886.948900 1903.9488997 2.7553441892 6.7105897451 11.474780479 1.1799999162 0.1505680502 10.640000639
 1932.0000000 286523.47367 7397206.0657 -1914.941957 1931.9419574 2.8536725304 7.3257143572 8.5747798258 1.3699999841 0.2149274030 7.7399999865
 1963.0000000 286523.56806 7397206.8663 -1945.931455 1962.9314548 2.9480604304 8.1262690015 6.6947801359 1.6100000249 0.2369960653 5.8600002966
 1991.0000000 286523.62044 7397207.6484 -1973.920479 1990.9204789 3.0004392007 8.9083988527 2.6247798510 1.5999999876 0.1225815872 1.7900000117
 2019.0000000 286523.62247 7397208.3885 -2001.910687 2018.9106868 3.0024680176 9.6484625489 359.16477638 1.4299998875 0.2067589570 358.32999654
 2050.0000000 286523.60018 7397209.1484 -2032.901366 2049.9013658 2.9801826534 10.408361629 359.14478737 1.3800000213 0.0483892912 358.31000753
 2077.0000000 286523.59324 7397209.8103 -2059.893249 2076.8932494 2.9732391166 11.070341987 1.2847798399 1.4299998875 0.0805232879 0.4500000006
 2106.0000000 286523.59303 7397210.5443 -2088.883963 2105.8839631 2.9730298643 11.804270491 0.3647886234 1.4700000366 0.0478760461 359.53000878
 2122.0000000 286523.59679 7397210.9603 -2104.878554 2121.8785538 2.9767918932 12.220300667 2.3147798995 1.5099999723 0.1210826190 1.4800000603
 2144.0000000 286523.54471 7397211.5240 -2126.871235 2143.8712348 2.9247074818 12.784030663 348.56480050 1.4599999994 0.4894491280 347.73002066
 2157.0000000 286523.49782 7397211.8477 -2139.867114 2156.8671145 2.8778214158 13.107704747 356.70478486 1.4299998875 0.4783102768 355.87000502
 2173.0000000 286523.58805 7397212.2120 -2155.862554 2172.8625537 2.9680468602 13.472019348 33.184779214 1.3999999892 1.6615523950 32.349999374
 2187.0000000 286523.85204 7397212.3846 -2169.858763 2186.8587626 3.2320353830 13.644584555 81.594784223 1.4299998875 2.4868543250 80.760004384
 2201.0000000 286524.19152 7397212.3434 -2183.854473 2200.8544735 3.5715162643 13.603351958 113.36478175 1.4799999672 1.7097000171 112.53000191
 2217.0000000 286524.61439 7397212.2990 -2199.848672 2216.8486716 3.9943917482 13.558960772 82.304783327 1.6799999656 1.6268212087 81.470003488
 2238.0000000 286525.52524 7397212.3374 -2220.828133 2237.8281329 4.9052408531 13.597434552 91.514782668 3.3099999584 2.3905406080 90.680002829
 2254.0000000 286526.65101 7397212.3154 -2236.788048 2253.7880481 6.0310084468 13.575380797 92.264782689 4.7600002406 2.7204926378 91.430002849
 2260.0000000 286527.17081 7397212.3108 -2242.765480 2259.7654795 6.5508144434 13.570821898 90.484783860 5.1799996717 2.2368257722 89.650004021
 2274.0000000 286528.59326 7397212.4010 -2256.692377 2273.6923773 7.9732626335 13.660959026 84.604778813 6.5199999708 3.1418829238 83.769998974
 2289.0000000 286530.46528 7397212.6688 -2271.572292 2288.5722917 9.8452840008 13.928828923 81.124782989 7.9700000396 3.0286177340 80.290003150
 2303.0000000 286532.51958 7397213.0928 -2285.413956 2302.4139559 11.899584197 14.352791101 77.494785635 9.2700001897 3.0184948700 76.660005795
 2317.0000000 286534.87704 7397213.6525 -2299.202409 2316.2024087 14.257037811 14.912504232 77.464779225 10.660000035 2.9785917793 76.629999386
 2331.0000000 286537.54456 7397214.2891 -2312.930972 2329.9309724 16.924562112 15.549118528 77.364780748 11.930000286 2.7217517053 76.530000909
 2347.0000000 286540.97217 7397215.0934 -2328.538434 2345.5384336 20.352168362 16.353365800 77.864780762 13.489999271 2.9322348812 77.030000923
 2360.0000000 286544.09933 7397215.8288 -2341.134938 2358.1349380 23.479328190 17.088789180 77.364780748 15.120000011 3.7722944609 76.530000909
 2376.0000000 286548.41122 7397216.8772 -2356.506659 2373.5066590 27.791219339 18.137200979 76.994785621 17.079999633 3.6800132983 76.160005781
 2387.0000000 286551.67207 7397217.7250 -2366.977773 2383.9777727 31.052068187 18.985000515 75.584781919 18.590000779 4.2830053726 74.750002080
 2402.0000000 286556.55125 7397219.0350 -2381.100750 2398.1007502 35.931253245 20.295005159 76.004780100 20.770000794 4.3691402474 75.170000261
 2416.0000000 286561.53982 7397220.3409 -2394.116259 2411.1162593 40.919818975 21.600870056 76.314785297 22.450000226 3.6082903606 75.480005457
 2430.0000000 286566.90029 7397221.8014 -2406.966299 2423.9662990 46.280288743 23.061406202 74.924778239 24.309999049 4.1570226196 74.089998400
 2446.0000000 286573.50135 7397223.6772 -2421.419399 2438.4193993 52.881353556 24.937185677 75.014782209 26.479999667 4.0693936697 74.180002369
 2460.0000000 286579.74383 7397225.3792 -2433.834122 2450.8341221 59.123830606 26.639166700 76.114780713 28.569999987 4.6089704180 75.280000874
 2476.0000000 286587.38870 7397227.4511 -2447.735585 2464.7355851 66.768699085 28.711143712 75.254780079 30.769998796 4.2014175680 74.420000240
 2490.0000000 286594.50279 7397229.3915 -2459.636074 2476.6360743 73.882791992 30.651471711 75.884784980 32.789999922 4.3865248755 75.050005140
 2504.0000000 286602.00003 7397231.4574 -2471.277545 2488.2775451 81.380029137 32.717404207 74.994785565 34.689998040 4.2068693669 74.160005726
 2519.0000000 286610.35409 7397233.8285 -2483.508723 2500.5087232 89.734088255 35.088463701 74.984783429 36.049997987 2.7200245336 74.150003589
 2532.0000000 286617.80638 7397235.9764 -2493.942491 2510.9424914 97.186382416 37.236358321 74.534778838 37.189997540 2.7026989711 73.699998999
 2547.0000000 286626.59927 7397238.6466 -2505.798776 2522.7987758 105.97927221 39.906618204 73.364780637 38.359998700 2.7440398482 72.530000798
 2564.0000000 286636.80712 7397241.8771 -2519.004357 2536.0043571 116.18712441 43.137149746 73.184780327 39.699999853 2.3731510485 72.350000487
 2575.0000000 286643.59411 7397243.9650 -2527.406112 2544.4061123 122.97410528 45.225014164 74.274784324 40.700001019 3.3345445182 73.440004485
 2593.0000000 286654.97707 7397247.3958 -2540.922398 2557.9223984 134.35707139 48.655797502 73.854778514 41.960000166 2.1502690320 73.019998675
 2605.0000000 286662.73150 7397249.7330 -2549.778125 2566.7781251 142.11149611 50.993025322 74.264782188 42.919996914 2.4976688402 73.430002349
 2622.0000000 286673.97077 7397253.0200 -2562.103170 2579.1031699 153.35077238 54.280048195 74.794780982 44.139998473 2.2472316622 73.960001143
 2632.0000000 286680.71611 7397254.9286 -2569.235648 2586.2356481 160.09610857 56.188588334 75.274784352 44.859999450 2.3841715923 74.440004513
 2647.0000000 286691.04962 7397257.7755 -2579.730320 2596.7303196 170.42961865 59.035496992 75.584781919 46.339998990 2.9929540708 74.750002080
 2662.0000000 286701.65621 7397260.6310 -2589.946626 2606.9466263 181.03620915 61.890989988 75.944782540 47.799999736 2.9671986440 75.110002700
 2677.0000000 286712.49473 7397263.6145 -2599.878929 2616.8789289 191.87472775 64.874500070 74.954784648 49.269999880 3.2931185414 74.120004809
 2690.0000000 286722.05264 7397266.3317 -2608.262807 2625.2628066 201.43264261 67.591714640 74.974781292 50.409999433 2.6310045529 74.140001453
 2705.0000000 286733.27532 7397269.5030 -2617.698368 2634.6983682 212.65531515 70.763029249 75.134784959 51.630000993 2.4526498217 74.300005119
 2720.0000000 286744.70048 7397272.7015 -2626.878336 2643.8783362 224.08048078 73.961476618 75.254780079 52.899999537 2.5470774804 74.420000240
 2735.0000000 286756.33672 7397275.9184 -2635.782577 2652.7825772 235.71671973 77.178405407 75.504780086 54.269998881 2.7693814100 74.670000247
 2749.0000000 286767.40993 7397278.8943 -2643.817492 2660.8174923 246.78992609 80.154271068 76.074779797 55.679999227 3.1826665481 75.239999958
 2764.0000000 286779.48655 7397282.0828 -2652.125799 2669.1257989 258.86654540 83.342844689 76.014782237 57.049998571 2.7418192663 75.180002397
 2779.0000000 286791.74608 7397285.3855 -2660.115420 2677.1154205 271.12608324 86.645469470 75.504780086 58.579998511 3.1794219341 74.670000247
 2794.0000000 286804.19659 7397288.7257 -2667.788080 2684.7880795 283.57659261 89.985733859 76.124782850 59.890001473 2.8283603148 75.290003011
 2809.0000000 286816.73701 7397292.1001 -2675.298348 2692.2983480 296.11701036 93.360055013 75.424778253 60.020000464 1.2394670955 74.589998414
 2838.0000000 286840.93933 7397298.8279 -2689.796173 2706.7961728 320.31933157 100.08785564 75.174778246 59.990002273 0.2261228766 74.339998407
 2866.0000000 286864.27963 7397305.4127 -2703.798298 2720.7982976 343.65963063 106.67268760 74.984783429 60.000001670 0.1766095791 74.150003589
 2894.0000000 286887.59559 7397312.0654 -2717.808882 2734.8088824 366.97559227 113.32539019 74.834781899 59.949997855 0.1491065867 74.000002059
 2924.0000000 286912.56746 7397319.1788 -2732.842890 2749.8428895 391.94746014 120.43880889 75.034778852 59.900000870 0.1801482583 74.199999013
 2953.0000000 286936.74324 7397325.9356 -2747.371408 2764.3714079 416.12324364 127.19558508 75.404781609 59.970003479 0.3390866494 74.570001770
 2981.0000000 286960.05053 7397332.6034 -2761.388638 2778.3886382 439.43052545 133.86339306 74.334781885 59.949997855 0.9926634182 73.500002045
 2992.0000000 286969.17032 7397335.3316 -2766.903605 2783.9036054 448.55032138 136.59163890 74.024784317 59.869995849 0.7633600392 73.190004478
 2998.0000000 286974.14723 7397336.8252 -2769.904967 2786.9049666 453.52722615 138.08523948 74.234783408 60.099995639 1.4659852997 73.400003568
 3028.0000000 286999.16674 7397344.1767 -2784.743715 2801.7437148 478.54673819 145.43672975 74.684780368 60.609999034 0.6426950052 73.850000529
 3058.0000000 287024.19332 7397351.5043 -2799.582438 2816.5824384 503.57331593 152.76427045 74.344784021 60.099995639 0.5894221215 73.510004182
 3087.0000000 287048.28943 7397358.6030 -2814.080247 2831.0802471 527.66942731 159.86300598 74.494785551 59.910000267 0.2381002068 73.660005712
 3115.0000000 287071.56431 7397365.3936 -2828.092945 2845.0929452 550.94430577 166.65358300 74.644779452 60.029999860 0.1894439348 73.809999613
 3144.0000000 287095.72392 7397372.3189 -2842.568871 2859.5688708 575.10392049 173.57891393 75.034778852 60.080003675 0.3533955487 74.199999013
 3172.0000000 287119.05747 7397378.9810 -2856.545606 2873.5456055 598.43746525 180.24102316 74.764782202 60.029999860 0.2563258521 73.930002362
 3200.0000000 287142.38112 7397385.7086 -2870.507496 2887.5074965 621.76112202 186.96862114 74.724781285 60.149999454 0.1338305265 73.890001446
 3232.0000000 287169.03055 7397393.4636 -2886.442171 2903.4421711 648.41054629 194.72356609 74.494785551 60.120001263 0.1890898164 73.660005712
 3258.0000000 287190.63478 7397399.8650 -2899.420574 2916.4205741 670.01477748 201.12501101 74.164783711 59.990002273 0.3624362959 73.330003872
 3287.0000000 287214.71566 7397407.0507 -2913.900846 2930.9008462 694.09566313 208.31065587 74.274784324 60.099995639 0.1505585151 73.440004485
 3317.0000000 287239.67636 7397414.4230 -2928.828246 2945.8282462 719.05635928 215.68296958 74.484783415 60.220002063 0.2181345894 73.650003575
 3346.0000000 287263.78200 7397421.5473 -2943.297550 2960.2975496 743.16200190 222.80726135 74.254780051 59.919999664 0.3726053229 73.420000212
 3374.0000000 287287.02045 7397428.4528 -2957.314475 2974.3144745 766.40045270 229.71283180 74.314785241 60.000001670 0.1021999614 73.480005402
 3404.0000000 287311.95444 7397435.7771 -2972.309965 2989.3099649 791.33443959 237.03707720 74.614780672 60.020000464 0.2605982710 73.780000832
 3432.0000000 287335.30021 7397442.4536 -2986.259212 3003.2592122 814.68021116 243.71358626 75.134784959 60.220002063 0.5284794645 74.300005119
 3462.0000000 287360.30647 7397449.4543 -3001.288618 3018.2886180 839.68646704 250.71432554 75.254780079 59.650002286 0.5793828895 74.420000240
 3489.0000000 287382.57480 7397455.6571 -3015.244678 3032.2446783 861.95480053 256.91711449 75.284778859 58.100000137 1.7224609336 74.449999020
 3519.0000000 287406.69724 7397462.5934 -3031.676995 3048.6769953 886.07723624 263.85343787 74.284778831 55.470001646 2.7598080330 73.449998992
 3548.0000000 287429.33689 7397469.2363 -3048.541232 3065.5412321 908.71688734 270.49625551 74.684780368 53.409999517 2.1574527979 73.850000529
 3576.0000000 287450.60575 7397475.4389 -3065.664855 3082.6648547 929.98574964 276.69889140 74.464779142 51.180000809 2.3965488265 73.629999302
 3606.0000000 287472.81267 7397481.7671 -3084.819366 3101.8193663 952.19266776 283.02711563 75.404781609 49.459998667 1.8659200724 74.570001770
 3635.0000000 287493.86415 7397487.5247 -3103.919060 3120.9190601 973.24415432 288.78467550 75.674778260 48.150002535 1.3713667538 74.839998421
 3664.0000000 287514.30525 7397493.2762 -3123.670258 3140.6702583 993.68525012 294.53618457 74.544780975 45.990003021 2.3927286381 73.710001136
 3695.0000000 287535.13390 7397499.6509 -3145.726436 3162.7264358 1014.5138957 300.91094976 73.054783070 43.290001922 2.8023182772 72.220003230
 3780.0000000 287588.09362 7397515.8841 -3210.166594 3227.1665939 1067.4736218 317.14408865 74.614780672 38.069999113 1.8768631730 73.780000832
 3810.0000000 287605.88463 7397520.9235 -3233.792552 3250.7925521 1085.2646340 322.18351222 75.424778253 38.019998713 0.5016806608 74.589998414
 3820.0000000 287611.82642 7397522.5445 -3241.671592 3258.6715918 1091.2064227 323.80453679 75.724781313 37.999999919 0.5574622671 74.890001474
