# WELL TRACE FROM PETREL 
# WELL NAME:              9-PPT-38D-RJS
# DEFINITIVE SURVEY:      Explicit survey 1
# WELL HEAD X-COORDINATE: 290100.00000000 (m)
# WELL HEAD Y-COORDINATE: 7395865.00000000 (m)
# WELL DATUM (KB, Kelly bushing, from MSL): 17.00000000 (m)
# WELL TYPE:              OIL
# MD AND TVD ARE REFERENCED (=0) AT WELL DATUM AND INCREASE DOWNWARDS
# ANGLES ARE GIVEN IN DEGREES
# XYZ TRACE IS GIVEN IN COORDINATE SYSTEM BRAZIL SIRGAS 2000 (WGS84) UTM24S CM 39W (Brazil SIRGAS 2000 (WGS84) UTM24S Lon range 42W - 36W) [Chevron,720787]
# AZIM_TN: azimuth in True North 
# AZIM_GN: azimuth in Grid North 
# DX DY ARE GIVEN IN GRID NORTH IN m-UNITS
# DEPTH (Z, tvd_z) GIVEN IN m-UNITS
#===============================================================================================================================================
      MD            X            Y            Z           TVD           DX          DY        AZIM_TN        INCL         DLS        AZIM_GN
#===============================================================================================================================================
 0.0000000000 290100.00000 7395865.0000 17.000000000 0.0000000000 0.0000000029 -0.000000002 0.8212662287 0.0000000000 0.0000000000 0.0000000000
 1394.0000000 290103.93529 7395870.1082 -1376.980120 1393.9801200 3.9352937215 5.1082383562 38.431266229 0.5300000000 0.0114060258 37.610000000
 1406.0000000 290104.02985 7395870.2202 -1388.979208 1405.9792076 4.0298542606 5.2201787774 42.581266229 0.8700000000 0.8588432855 41.760000000
 1471.0000000 290104.49492 7395870.7837 -1453.974931 1470.9749305 4.4949220457 5.7837300822 35.731266229 0.4200000000 0.2103503762 34.910000000
 1500.0000000 290104.61786 7395870.9724 -1482.974055 1499.9740554 4.6178625232 5.9723682776 32.291266229 0.4700000000 0.0586228144 31.470000000
 1527.0000000 290104.70600 7395871.1486 -1509.973331 1526.9733311 4.7060039712 6.1485827425 21.171266229 0.3700000000 0.1428531629 20.350000000
 1558.0000000 290104.74868 7395871.3721 -1540.972486 1557.9724855 4.7486775753 6.3720746962 4.2912662287 0.4800000000 0.1602000888 3.4700000000
 1588.0000000 290104.74834 7395871.6544 -1570.971150 1587.9711504 4.7483363816 6.6544229975 357.92126623 0.6000000000 0.1340001310 357.10000000
 1616.0000000 290104.75023 7395871.8038 -1598.970628 1615.9706276 4.7502280668 6.8038427960 73.071266229 0.0400000000 0.6332297455 72.250000000
 1641.0000000 290104.74405 7395871.8017 -1623.970623 1640.9706229 4.7440525700 6.8016672786 252.36126623 0.0700000000 0.1319976548 251.54000000
 1671.0000000 290104.74189 7395871.7920 -1653.970615 1670.9706153 4.7418925574 6.7919912226 105.09126623 0.0600000000 0.1247650311 104.27000000
 1700.0000000 290104.72116 7395871.7746 -1682.970588 1699.9705877 4.7211634960 6.7746481132 249.83126623 0.1500000000 0.2089494665 249.01000000
 1729.0000000 290104.69004 7395871.8318 -1711.970465 1728.9704648 4.6900429103 6.8317866968 4.3212662287 0.2800000000 0.3811065129 3.5000000000
 1758.0000000 290104.75171 7395871.8702 -1740.970297 1757.9702966 4.7517083994 6.8702295432 120.21126623 0.2600000000 0.4735796587 119.39000000
 1787.0000000 290104.74458 7395871.7410 -1769.969899 1786.9698986 4.7445822989 6.7409794033 214.44126623 0.4600000000 0.5636194338 213.62000000
 1818.0000000 290104.63604 7395871.7380 -1800.969479 1817.9694794 4.6360406869 6.7380476240 339.34126623 0.4000000000 0.7383733789 338.52000000
 1846.0000000 290104.66017 7395871.8967 -1828.968962 1845.9689618 4.6601726412 6.8967211843 42.331266229 0.3700000000 0.4318681476 41.510000000
 1875.0000000 290104.88130 7395871.9781 -1857.967931 1874.9679308 4.8812956773 6.9781399192 86.761266229 0.6300000000 0.4636525501 85.940000000
 1903.0000000 290104.99343 7395872.0270 -1885.967433 1902.9674330 4.9934277476 7.0270143282 313.32126623 0.2300000000 0.8631910193 312.50000000
 1931.0000000 290104.78417 7395872.0485 -1913.966530 1930.9665304 4.7841712099 7.0485334489 265.22126623 0.6900000000 0.6032709281 264.40000000
 1959.0000000 290104.34145 7395872.0904 -1941.962898 1958.9628983 4.3414546070 7.0904107532 282.80126623 1.1500000000 0.5727015400 281.98000000
 1989.0000000 290103.93552 7395872.0459 -1971.959774 1988.9597736 3.9355241483 7.0458677821 226.96126623 0.5900000000 0.9532075232 226.14000000
 2018.0000000 290103.66806 7395871.9690 -2000.958326 2017.9583259 3.6680603253 6.9689914454 280.27126623 0.6400000000 0.5726867648 279.45000000
 2046.0000000 290103.53395 7395872.0085 -2028.957795 2045.9577950 3.5339468868 7.0084741320 56.431266229 0.1000000000 0.7665944044 55.610000000
 2074.0000000 290103.54437 7395872.1171 -2056.957538 2073.9575381 3.5443662475 7.1170859281 354.95126623 0.3900000000 0.3785913318 354.13000000
 2106.0000000 290103.61094 7395872.2342 -2088.957162 2105.9571620 3.6109412136 7.2341559408 84.421266229 0.2800000000 0.4481196697 83.600000000
 2134.0000000 290103.73695 7395872.1858 -2116.956812 2133.9568120 3.7369529413 7.1857622806 134.82126623 0.3300000000 0.2824663128 134.00000000
 2162.0000000 290103.79615 7395872.0662 -2144.956475 2161.9564747 3.7961509852 7.0662132604 179.75126623 0.2600000000 0.2512995685 178.93000000
 2189.0000000 290103.80632 7395872.0158 -2171.956393 2188.9563933 3.8063173255 7.0158407139 40.471266229 0.0600000000 0.3421909752 39.650000000
 2222.0000000 290103.86739 7395872.2334 -2204.955428 2221.9554285 3.8673897762 7.2333558220 14.591266229 0.7300000000 0.6150222395 13.770000000
 2235.0000000 290103.91481 7395872.4203 -2217.953988 2234.9539885 3.9148083757 7.4203107655 15.401266229 0.9700000000 0.5545260633 14.580000000
 2248.0000000 290103.97435 7395872.6475 -2230.951865 2247.9518647 3.9743502409 7.6474924479 15.601266229 1.1000000000 0.3001153593 14.780000000
 2264.0000000 290104.15659 7395873.0773 -2246.944759 2263.9447595 4.1565884855 8.0772573482 27.781266229 2.2600000000 2.2636257511 26.960000000
 2278.0000000 290104.49515 7395873.6638 -2260.928175 2277.9281752 4.4951536735 8.6637865175 32.901266229 3.2900000000 2.2679793611 32.080000000
 2299.0000000 290105.31510 7395875.0251 -2281.866794 2298.8667944 5.3151041488 10.025076553 31.261266229 5.3900000000 3.0049284628 30.440000000
 2308.0000000 290105.78095 7395875.8054 -2290.820727 2307.8207268 5.7809514272 10.805434420 32.001266229 6.2000000000 2.7114068511 31.180000000
 2321.0000000 290106.57847 7395877.1380 -2303.727375 2320.7273752 6.5784653815 12.137952208 31.491266229 7.5200000000 3.0493659515 30.670000000
 2336.0000000 290107.63375 7395879.0283 -2318.569862 2335.5698620 7.6337538865 14.028327525 28.751266229 9.0800000000 3.2178549661 27.930000000
 2347.0000000 290108.48172 7395880.6638 -2329.414370 2346.4143699 8.4817185335 15.663761674 27.761266229 10.200000000 3.0877151451 26.940000000
 2363.0000000 290109.80681 7395883.3973 -2345.122944 2362.1229440 9.8068087726 18.397279524 25.741266229 11.690000000 2.8843983354 24.920000000
 2381.0000000 290111.28981 7395887.0230 -2362.690635 2379.6906348 11.289811277 22.022967059 20.741266229 13.470000000 3.4752272817 19.920000000
 2392.0000000 290112.15665 7395889.5410 -2373.363315 2390.3633154 12.156653423 24.540975452 18.961266229 14.550000000 3.1709276858 18.140000000
 2407.0000000 290113.30294 7395893.3172 -2387.834562 2404.8345619 13.302941624 28.317205217 16.561266229 15.960000000 3.0893216991 15.740000000
 2423.0000000 290114.48190 7395897.7888 -2403.151236 2420.1512360 14.481901192 32.788840134 14.711266229 17.640000000 3.3053203426 13.890000000
 2436.0000000 290115.42713 7395901.7569 -2415.494603 2432.4946026 15.427129265 36.756852792 13.761266229 18.930000000 3.0552565805 12.940000000
 2451.0000000 290116.53902 7395906.6484 -2429.630904 2446.6309036 16.539020131 41.648431270 13.501266229 20.140000000 2.4262328713 12.680000000
 2466.0000000 290117.73590 7395911.8582 -2443.645931 2460.6459311 17.735904924 46.858247536 14.001266229 21.610000000 2.9614894850 13.180000000
 2478.0000000 290118.80304 7395916.3083 -2454.738935 2471.7389353 18.803038339 51.308288328 14.591266229 23.220000000 4.0640581669 13.770000000
 2494.0000000 290120.41448 7395922.6271 -2469.349533 2486.3495334 20.414482686 57.627058240 15.631266229 24.880000000 3.2122368381 14.810000000
 2509.0000000 290122.15762 7395928.9310 -2482.848070 2499.8480695 22.157620038 63.931036081 16.881266229 26.820000000 4.0300109119 16.060000000
 2521.0000000 290123.69581 7395934.2617 -2493.488537 2510.4885369 23.695814946 69.261683799 16.951266229 28.250000000 3.5759146874 16.130000000
 2539.0000000 290126.17209 7395942.6305 -2509.231287 2526.2312867 26.172086007 77.630461290 17.641266229 29.750000000 2.5613759788 16.820000000
 2552.0000000 290128.10101 7395948.9144 -2520.447205 2537.4472052 28.101014591 83.914409898 18.121266229 30.990000000 2.9158043006 17.300000000
 2569.0000000 290130.80570 7395957.4925 -2534.872803 2551.8728033 30.805704771 92.492480012 18.511266229 32.890000000 3.3726362678 17.690000000
 2584.0000000 290133.33728 7395965.4967 -2547.303160 2564.3031603 33.337275020 100.49672039 18.241266229 35.170000000 4.5699926137 17.420000000
 2596.0000000 290135.46129 7395972.1791 -2557.041897 2574.0418967 35.461294617 107.17912877 18.661266229 36.330000000 2.9641604930 17.840000000
 2613.0000000 290138.59883 7395981.9369 -2570.604914 2587.6049145 38.598831846 116.93691461 18.631266229 37.820000000 2.6296053901 17.810000000
 2624.0000000 290140.69009 7395988.4465 -2579.222400 2596.2224002 40.690085513 123.44648956 18.631266229 39.030000000 3.3000000000 17.810000000
 2640.0000000 290143.80170 7395998.2065 -2591.513676 2608.5136760 43.801697878 133.20645143 18.381266229 40.580000000 2.9216963351 17.560000000
 2652.0000000 290146.17152 7396005.7391 -2600.550095 2617.5500954 46.171515998 140.73906849 18.191266229 41.710000000 2.8422327513 17.370000000
 2670.0000000 290149.76313 7396017.3803 -2613.801478 2630.8014781 49.763133548 152.38027444 17.751266229 43.470000000 2.9750043653 16.930000000
 2683.0000000 290152.40407 7396026.0673 -2623.105955 2640.1059546 52.404065866 161.06729052 17.711266229 45.120000000 3.8082377866 16.890000000
 2698.0000000 290155.54831 7396036.3476 -2633.567902 2650.5679016 55.548312624 171.34759661 17.941266229 46.430000000 2.6406521085 17.120000000
 2712.0000000 290158.57327 7396046.1681 -2643.077093 2660.0770928 58.573268715 181.16813926 17.941266229 48.000000000 3.3642857143 17.120000000
 2727.0000000 290161.87928 7396056.9758 -2652.940295 2669.9402950 61.879280521 191.97583305 17.721266229 49.770000000 3.5554828474 16.900000000
 2740.0000000 290164.77279 7396066.5540 -2661.241537 2678.2415367 64.772794127 201.55396442 17.541266229 50.860000000 2.5356136841 16.720000000
 2756.0000000 290168.36428 7396078.5674 -2671.181824 2688.1818240 68.364279435 213.56742452 17.391266229 52.320000000 2.7463553028 16.570000000
 2770.0000000 290171.53929 7396089.2795 -2679.619753 2696.6197532 71.539294542 224.27951939 17.271266229 53.550000000 2.6436882206 16.450000000
 2784.0000000 290174.74308 7396100.1937 -2687.783128 2704.7831284 74.743077029 235.19373458 17.091266229 55.110000000 3.3575089944 16.270000000
 2798.0000000 290177.96187 7396111.3208 -2695.648062 2712.6480620 77.961866404 246.32075267 16.821266229 56.530000000 3.0802672760 16.000000000
 2816.0000000 290182.12783 7396125.8539 -2705.419753 2722.4197534 82.127825795 260.85392586 16.811266229 57.710000000 1.9667164700 15.990000000
 2827.0000000 290184.65727 7396134.8290 -2711.257013 2728.2570133 84.657271464 269.82900520 16.311266229 58.190000000 1.7463015351 15.490000000
 2855.0000000 290190.86306 7396157.7965 -2726.026457 2743.0264573 90.863062095 292.79651559 15.571266229 58.140000000 0.6757137503 14.750000000
 2870.0000000 290194.11618 7396170.1090 -2733.955255 2750.9552552 94.116181762 305.10902571 15.671266229 58.040000000 0.2623429713 14.850000000
 2883.0000000 290197.01464 7396180.7585 -2740.826950 2757.8269495 97.014638247 315.75853291 16.421266229 58.140000000 1.4872241470 15.600000000
 2902.0000000 290201.59102 7396196.2377 -2750.852345 2767.8523450 101.59101680 331.23765003 18.161266229 58.170000000 2.3342862071 17.340000000
 2911.0000000 290203.87369 7396203.5328 -2755.604956 2772.6049556 103.87368729 338.53277695 18.231266229 58.080000000 0.3595306446 17.410000000
 2927.0000000 290208.24937 7396216.3898 -2764.064712 2781.0647120 108.24936730 351.38979944 21.001266229 58.090000000 4.4085478705 20.180000000
 2940.0000000 290212.29104 7396226.6605 -2770.934297 2787.9342969 112.29103842 361.66052458 23.601266229 58.120000000 5.0944550599 22.780000000
 2957.0000000 290218.05606 7396239.9000 -2779.908040 2796.9080401 118.05605804 374.90002850 25.101266229 58.160000000 2.2493438746 24.280000000
 2968.0000000 290221.98500 7396248.3721 -2785.722643 2802.7226433 121.98499699 383.37207844 26.301266229 58.020000000 2.8042504288 25.480000000
 2985.0000000 290228.41229 7396261.2938 -2794.709224 2811.7092239 128.41229469 396.29381175 28.231266229 58.160000000 2.9016806103 27.410000000
 2998.0000000 290233.62534 7396271.0283 -2801.571506 2818.5715058 133.62533533 406.02834551 29.751266229 58.120000000 2.9806300054 28.930000000
 3014.0000000 290240.39013 7396282.8070 -2810.029436 2827.0294362 140.39012513 417.80703043 31.631266229 58.060000000 2.9943763216 30.810000000
 3027.0000000 290246.17297 7396292.2086 -2816.899444 2833.8994438 146.17296837 427.20857465 33.201266229 58.140000000 3.0813977068 32.380000000
 3042.0000000 290253.10554 7396302.8900 -2824.829564 2841.8295636 153.10553814 437.89001213 34.411266229 58.030000000 2.0659126184 33.590000000
 3057.0000000 290260.31540 7396313.3764 -2832.772182 2849.7721822 160.31539538 448.37644655 36.251266229 58.030000000 3.1218000268 35.430000000
 3069.0000000 290266.31448 7396321.6091 -2839.117193 2856.1171933 166.31447900 456.60913143 37.551266229 58.130000000 2.7698463081 36.730000000
 3084.0000000 290274.09942 7396331.6961 -2847.034266 2864.0342656 174.09941567 466.69610384 39.411266229 58.160000000 3.1602485318 38.590000000
 3100.0000000 290282.75338 7396342.1683 -2855.488687 2872.4886866 182.75338307 477.16827838 41.371266229 58.050000000 3.1269064168 40.550000000
 3114.0000000 290290.60604 7396351.0832 -2862.897561 2879.8975612 190.60603659 486.08315908 43.021266229 58.050000000 3.0000606568 42.200000000
 3128.0000000 290298.70960 7396359.7581 -2870.320964 2887.3209645 198.70960448 494.75813490 44.721266229 57.910000000 3.1031459659 43.900000000
 3143.0000000 290307.66928 7396368.7975 -2878.261278 2895.2612783 207.66927613 503.79749098 46.411266229 58.170000000 2.9143836595 45.590000000
 3162.0000000 290319.42719 7396379.8487 -2888.294190 2905.2941903 219.42719323 514.84870891 48.781266229 58.090000000 3.1804220726 47.960000000
 3173.0000000 290326.44244 7396386.0128 -2894.108872 2911.1088716 226.44243532 521.01280108 50.251266229 58.090000000 3.4032087842 49.430000000
 3189.0000000 290336.92095 7396394.6506 -2902.571705 2919.5717046 236.92095395 529.65064885 52.391266229 58.050000000 3.4061585001 51.570000000
 3202.0000000 290345.64753 7396401.3965 -2909.454184 2926.4541835 245.64752536 536.39651654 53.841266229 58.020000000 2.8396048106 53.020000000
 3215.0000000 290354.54722 7396407.9183 -2916.330901 2933.3309009 254.54721927 542.91833488 55.331266229 58.110000000 2.9254043284 54.510000000
 3229.0000000 290364.35799 7396414.6333 -2923.725543 2940.7255433 264.35798955 549.63332390 57.531266229 58.130000000 4.0033252127 56.710000000
 3244.0000000 290375.13745 7396421.4684 -2931.606972 2948.6069718 275.13745447 556.46840729 59.351266229 58.480000000 3.1751947367 58.530000000
 3257.0000000 290384.69248 7396427.1525 -2938.346404 2955.3464039 284.69247514 562.15250228 60.791266229 59.070000000 3.1509877618 59.970000000
 3273.0000000 290396.73498 7396433.8638 -2946.468637 2963.4686366 296.73498452 568.86379180 62.581266229 59.920000000 3.3017338050 61.760000000
 3285.0000000 290405.95542 7396438.7022 -2952.435167 2969.4351668 305.95542297 573.70224354 63.681266229 60.450000000 2.7291909859 62.860000000
 3300.0000000 290417.68267 7396444.5307 -2959.752158 2976.7521576 317.68266550 579.53068161 65.101266229 61.160000000 2.8570443878 64.280000000
 3315.0000000 290429.59237 7396450.1398 -2966.945302 2983.9453023 329.59236736 585.13977259 66.101266229 61.530000000 1.9046649594 65.280000000
 3330.0000000 290441.63554 7396455.5268 -2974.085637 2991.0856369 341.63553847 590.52683287 67.341266229 61.620000000 2.1884186802 66.520000000
 3344.0000000 290452.97860 7396460.3486 -2980.728355 2997.7283545 352.97859952 595.34859195 68.241266229 61.730000000 1.7139458892 67.420000000
 3362.0000000 290467.76249 7396466.3146 -2989.088646 3006.0886461 367.76248606 601.31463386 69.441266229 62.920000000 2.6590419783 68.620000000
 3372.0000000 290476.10408 7396469.5039 -2993.590461 3010.5904611 376.10407923 604.50390270 70.351266229 63.570000000 3.1216769327 69.530000000
 3387.0000000 290488.76798 7396474.0653 -3000.213267 3017.2132669 388.76797700 609.06531283 71.671266229 64.030000000 2.5411283825 70.850000000
 3402.0000000 290501.58895 7396478.3324 -3006.729044 3023.7290439 401.58895344 613.33237606 73.151266229 64.480000000 2.8139605263 72.330000000
 3415.0000000 290512.83145 7396481.7564 -3012.289033 3029.2890329 412.83145232 616.75638580 74.611266229 64.880000000 3.1823500185 73.790000000
 3430.0000000 290525.95053 7396485.3757 -3018.600127 3035.6001270 425.95053110 620.37572046 76.181266229 65.360000000 3.0059669485 75.360000000
 3445.0000000 290539.21116 7396488.6362 -3024.810148 3041.8101483 439.21116131 623.63618230 77.831266229 65.730000000 3.0937249916 77.010000000
 3459.0000000 290551.70616 7396491.2896 -3030.542865 3047.5428654 451.70616055 626.28957634 79.831266229 65.930000000 3.9333867889 79.010000000
 3475.0000000 290566.11280 7396493.8178 -3037.030819 3054.0308189 466.11279924 628.81783050 81.901266229 66.230000000 3.5921752635 81.080000000
 3489.0000000 290578.82657 7396495.6280 -3042.609117 3059.6091166 478.82657230 630.62795232 83.531266229 66.810000000 3.4362469604 82.710000000
 3504.0000000 290592.56244 7396497.2204 -3048.425657 3065.4256574 492.56244217 632.22039391 84.881266229 67.560000000 2.9058097767 84.060000000
 3519.0000000 290606.41035 7396498.4813 -3054.054684 3071.0546840 506.41035338 633.48131900 86.351266229 68.360000000 3.1600966042 85.530000000
 3534.0000000 290620.36127 7396499.3670 -3059.497652 3076.4976518 520.36126932 634.36704004 88.021266229 69.090000000 3.4377630157 87.200000000
 3548.0000000 290633.42103 7396499.8711 -3064.520657 3081.5206569 533.42103182 634.87108918 89.201266229 68.860000000 2.4111312305 88.380000000
 3566.0000000 290650.20010 7396500.1962 -3071.034440 3088.0344400 550.20009511 635.19621398 90.221266229 68.710000000 1.6043836432 89.400000000
 3577.0000000 290660.42559 7396500.3068 -3075.090924 3092.0909242 560.42559050 635.30682652 90.181266229 68.010000000 1.9117819690 89.360000000
 3591.0000000 290673.35995 7396500.4378 -3080.450678 3097.4506777 573.35995306 635.43777278 90.301266229 66.970000000 2.2411959174 89.480000000
 3605.0000000 290686.20421 7396500.4839 -3086.024195 3103.0241951 586.20421378 635.48391652 90.931266229 66.110000000 2.2202985994 90.110000000
 3619.0000000 290698.96585 7396500.4172 -3091.784252 3108.7842521 598.96585199 635.41718919 91.311266229 65.300000000 1.8877256416 90.490000000
 3634.0000000 290712.56382 7396500.3624 -3098.119976 3115.1199764 612.56381702 635.36241540 90.791266229 64.730000000 1.4792644168 89.970000000
 3649.0000000 290726.09149 7396500.1375 -3104.599387 3121.5993871 626.09148896 635.13749450 92.761266229 64.090000000 3.7769605430 91.940000000
 3663.0000000 290738.64306 7396499.6904 -3110.788113 3127.7881132 638.64306299 634.69043033 92.961266229 63.440000000 1.4449324514 92.140000000
 3677.0000000 290751.13227 7396499.2389 -3117.101472 3134.1014725 651.13227410 634.23894568 92.821266229 62.950000000 1.0836035940 92.000000000
 3691.0000000 290763.59812 7396498.8145 -3123.462783 3140.4627828 663.59812061 633.81448164 92.721266229 63.000000000 0.2189009473 91.900000000
 3706.0000000 290776.90789 7396498.4088 -3130.371540 3147.3715396 676.90788661 633.40881167 92.411266229 62.150000000 1.7868528183 91.590000000
 3735.0000000 290802.26126 7396497.8560 -3144.441228 3161.4412281 702.26125947 632.85599127 91.721266229 59.800000000 2.5098568266 90.900000000
 3750.0000000 290815.14756 7396497.6971 -3152.119508 3169.1195084 715.14756482 632.69711144 91.331266229 58.620000000 2.4532723152 90.510000000
 3778.0000000 290838.82993 7396497.5681 -3167.060184 3184.0601841 738.82993397 632.56810662 90.931266229 56.880000000 1.8991872957 90.110000000
 3808.0000000 290863.58147 7396497.6439 -3184.012180 3201.0121805 763.58147437 632.64385271 90.351266229 54.300000000 2.6239810837 89.530000000
 3824.0000000 290876.56405 7396497.7379 -3193.365839 3210.3658393 776.56405156 632.73785793 90.461266229 54.150000000 0.3272649793 89.640000000
 3840.0000000 290889.53446 7396497.8193 -3202.736483 3219.7364831 789.53446276 632.81931203 90.461266229 54.150000000 0.0000000000 89.640000000
