# WELL TRACE FROM PETREL 
# WELL NAME:              9-PPT-43DP-RJS
# DEFINITIVE SURVEY:      Explicit survey 1
# WELL HEAD X-COORDINATE: 291351.60000000 (m)
# WELL HEAD Y-COORDINATE: 7396148.20000000 (m)
# WELL DATUM (KB, Kelly bushing, from MSL): 17.00000000 (m)
# WELL TYPE:              OIL
# MD AND TVD ARE REFERENCED (=0) AT WELL DATUM AND INCREASE DOWNWARDS
# ANGLES ARE GIVEN IN DEGREES
# XYZ TRACE IS GIVEN IN COORDINATE SYSTEM BRAZIL SIRGAS 2000 (WGS84) UTM24S CM 39W (Brazil SIRGAS 2000 (WGS84) UTM24S Lon range 42W - 36W) [Chevron,720787]
# AZIM_TN: azimuth in True North 
# AZIM_GN: azimuth in Grid North 
# DX DY ARE GIVEN IN GRID NORTH IN m-UNITS
# DEPTH (Z, tvd_z) GIVEN IN m-UNITS
#===============================================================================================================================================
      MD            X            Y            Z           TVD           DX          DY        AZIM_TN        INCL         DLS        AZIM_GN
#===============================================================================================================================================
 0.0000000000 291351.60000 7396148.2000 17.000000000 0.0000000000 0.0000000037 -0.000000003 0.8162738798 0.0000000000 0.0000000000 0.0000000001
 1348.0000000 291351.60000 7396148.2000 -1331.000000 1348.0000000 0.0000000037 -0.000000003 0.8162738798 0.0000000000 0.0000000000 0.0000000001
 1411.0000000 291351.39127 7396148.1508 -1393.999514 1410.9995135 -0.208733794 -0.049150259 257.56628102 0.3899999863 0.1857142792 256.75000714
 1438.0000000 291351.17671 7396148.0959 -1420.998596 1437.9985965 -0.423287103 -0.104108718 255.65627731 0.5500000224 0.1786034772 254.84000343
 1469.0000000 291350.88615 7396148.0334 -1451.997171 1468.9971709 -0.713846586 -0.166584881 261.70629579 0.5500000224 0.0561756238 260.89002191
 1498.0000000 291350.66401 7396147.9961 -1480.996280 1497.9962800 -0.935985998 -0.203909150 260.58627012 0.3400000134 0.2174173140 259.76999624
 1525.0000000 291350.46287 7396147.9741 -1507.995510 1524.9955102 -1.137127819 -0.225854179 267.20629594 0.5199999640 0.2071486508 266.39002206
 1555.0000000 291350.19616 7396147.9703 -1537.994324 1554.9943235 -1.403839224 -0.229652508 272.90627779 0.4999999961 0.0545070460 272.09000391
 1583.0000000 291349.96168 7396147.9718 -1565.993341 1582.9933411 -1.638319171 -0.228217474 269.27627281 0.4600000071 0.0538159216 268.45999893
 1614.0000000 291349.73833 7396147.9837 -1596.992529 1613.9925290 -1.861669388 -0.216298998 279.58627065 0.3699999918 0.1128408145 278.76999677
 1643.0000000 291349.53808 7396148.0137 -1625.991821 1642.9918210 -2.061918950 -0.186309428 279.11626942 0.4300000020 0.0621611977 278.29999554
 1670.0000000 291349.35092 7396148.0355 -1652.991162 1669.9911622 -2.249081913 -0.164507296 275.53628275 0.3699999918 0.0721873986 274.72000887
 1699.0000000 291349.14833 7396148.0648 -1681.990437 1698.9904374 -2.451673893 -0.135246323 281.97628537 0.4399999859 0.0862695944 281.16001149
 1728.0000000 291348.97268 7396148.1025 -1710.989870 1727.9898703 -2.627323246 -0.097482973 284.53628300 0.2700000193 0.1765820289 283.72000912
 1757.0000000 291348.83995 7396148.1606 -1739.989505 1756.9895047 -2.760048522 -0.039370802 303.09628107 0.3100000083 0.1050204178 302.28000719
 1785.0000000 291348.69301 7396148.2306 -1767.989029 1784.9890291 -2.906986356 0.0305707837 290.39626851 0.3600000079 0.0955954465 289.57999463
 1939.0000000 291347.87705 7396148.2833 -1921.986769 1938.9867692 -3.722947469 0.0832595518 253.90627726 0.2800000032 0.0417452347 253.09000338
 1983.0000000 291347.67818 7396148.2508 -1965.986304 1982.9863043 -3.921823893 0.0508104442 270.11626917 0.2499999981 0.0548245380 269.29999529
 2036.0000000 291347.50266 7396148.2439 -2018.986003 2035.9860035 -4.097340550 0.0438847262 265.55627148 0.1299999910 0.0684080670 264.73999760
 2071.0000000 291347.40808 7396148.1788 -2053.985798 2070.9857982 -4.191923634 -0.021183589 222.67628066 0.2700000193 0.1678747784 221.86000678
 2129.0000000 291347.25660 7396147.9657 -2111.985206 2128.9852062 -4.343399964 -0.234258494 209.25628212 0.2499999981 0.0330636641 208.44000824
 2134.0000000 291347.24600 7396147.9437 -2116.985146 2133.9851463 -4.354000762 -0.256253008 204.36628260 0.3100000083 0.3871821612 203.55000872
 2180.0000000 291347.22414 7396147.8260 -2162.984925 2179.9849245 -4.375861084 -0.373985014 98.256279033 0.0700000008 0.2192727581 97.440005153
 2218.0000000 291347.01979 7396147.7971 -2200.984087 2217.9840870 -4.580211114 -0.402896882 264.31628121 0.6900000107 0.5985205060 263.50000733
 2235.0000000 291346.83612 7396147.8586 -2217.982910 2234.9829098 -4.763880175 -0.341419085 312.53628377 0.7399999836 1.0339552091 311.72000990
 2268.0000000 291346.87669 7396148.0829 -2250.981455 2267.9814552 -4.723306702 -0.117121442 68.376273318 0.7500000209 1.1477173085 67.559999439
 2296.0000000 291347.22155 7396148.2208 -2278.978992 2295.9789921 -4.378448982 0.0208237441 69.636275490 0.7699999887 0.0279241744 68.820001610
 2325.0000000 291347.65850 7396148.4146 -2307.975007 2324.9750067 -3.941497060 0.2145640077 65.026274751 1.1200000127 0.3702227067 64.210000871
 2353.0000000 291348.24603 7396148.6295 -2335.967962 2352.9679621 -3.353973459 0.4295165418 75.116278999 1.4500000688 0.4273995194 74.300005119
 2383.0000000 291349.01350 7396148.8296 -2365.957471 2382.9574711 -2.586499769 0.6296485113 77.196273259 1.5800000198 0.1411319906 76.379999379
 2394.0000000 291349.35371 7396148.9362 -2376.951644 2393.9516440 -2.246294382 0.7362240804 70.636275518 2.1400000795 1.6314925524 69.820001638
 2412.0000000 291350.12174 7396149.2706 -2394.931876 2411.9318765 -1.478256537 1.0705567347 65.056273531 3.1999999752 1.8169377881 64.239999652
 2425.0000000 291350.87049 7396149.6440 -2407.904770 2424.9047699 -0.729508217 1.4439916965 63.736273800 4.1799997862 2.2698698904 62.919999920
 2441.0000000 291352.09402 7396150.2717 -2423.845122 2440.8451217 0.4940192681 2.0717368005 63.596274406 5.6799998279 2.8125884589 62.780000526
 2470.0000000 291355.11828 7396151.9583 -2452.635584 2469.6355841 3.5182806989 3.7582504349 60.306277214 8.0400000871 2.4740012968 59.490003334
 2499.0000000 291359.01996 7396154.4591 -2481.260847 2498.2608469 7.4199606999 6.2591310693 56.486273598 10.359999343 2.4804720764 55.669999718
 2528.0000000 291363.62511 7396157.6516 -2509.713566 2526.7135657 12.025109909 9.4515662845 55.736273577 11.920000036 1.6207072516 54.919999697
 2556.0000000 291368.86115 7396161.3340 -2536.969779 2553.9697795 17.261148616 13.134023941 55.666273880 14.510000939 2.7750534336 54.850000001
 2583.0000000 291374.90995 7396165.6077 -2562.931592 2579.9315920 23.309953769 17.407682641 55.496275707 17.329999924 3.1337572553 54.680001827
 2611.0000000 291382.27131 7396170.7906 -2589.442124 2606.4421239 30.671307842 22.590599562 55.816275410 20.180000516 3.0555501278 55.000001531
 2626.0000000 291386.65958 7396173.8645 -2603.452460 2620.4524600 35.059581917 25.664481566 55.796274952 21.669999453 2.9800320768 54.980001072
 2639.0000000 291390.65942 7396176.7073 -2615.490788 2632.4907883 39.059418652 28.507343357 55.046274931 22.680000016 2.4205410057 54.230001051
 2652.0000000 291394.82882 7396179.7356 -2627.425836 2644.4258362 43.228823735 31.535572301 54.616274614 24.019999462 3.1171976753 53.800000734
 2670.0000000 291400.92276 7396184.2422 -2643.752009 2660.7520088 49.322757638 36.042227821 54.066275362 25.780000900 2.9585873939 53.250001482
 2687.0000000 291406.97354 7396188.7960 -2658.972173 2675.9721732 55.373540002 40.596014160 53.646277181 27.120000345 2.3876243706 52.830003301
 2700.0000000 291411.77423 7396192.4854 -2670.476282 2687.4762825 60.174227510 44.285395233 52.916273804 28.389998889 3.0338997714 52.099999924
 2713.0000000 291416.75011 7396196.3434 -2681.849999 2698.8499989 65.150111593 48.143416447 53.136275031 29.540001255 2.6652121167 52.320001151
 2727.0000000 291422.26233 7396200.5272 -2694.020579 2711.0205787 70.662329754 52.327236648 54.096274142 29.700001851 1.0729731933 53.280000262
 2756.0000000 291434.20001 7396209.3236 -2718.942039 2735.9420394 82.600013325 61.123623258 54.746275686 31.799998153 2.1994176721 53.930001806
 2775.0000000 291442.47398 7396215.3268 -2734.958008 2751.9580081 90.873984994 67.126820634 54.956274776 33.290000505 2.3593846249 54.140000896
 2786.0000000 291447.44416 7396218.9060 -2744.095500 2761.0954995 95.844161621 70.705964901 55.156275545 34.370000262 2.9610630667 54.340001665
 2805.0000000 291456.34848 7396225.2638 -2759.629373 2776.6293727 104.74848015 77.063791816 55.416273873 35.939997790 2.4901826045 54.599999994
 2815.0000000 291461.16535 7396228.7081 -2767.688092 2784.6880923 109.56534853 80.508060873 55.086275848 36.669998163 2.2670810178 54.270001968
 2831.0000000 291469.04710 7396234.3473 -2780.419671 2797.4196709 117.44709914 86.147295569 55.376276771 37.880000326 2.2925249322 54.560002892
 2844.0000000 291475.63178 7396239.0398 -2790.599759 2807.5997594 124.03178228 90.839842439 55.306277075 39.029999276 2.6557441282 54.490003195
 2858.0000000 291482.93141 7396244.2271 -2801.361697 2818.3616968 131.33140532 96.027085851 55.526274487 40.490000023 3.1430639316 54.710000607
 2873.0000000 291490.97422 7396249.9356 -2812.664073 2829.6640728 139.37422442 101.73561693 55.376276771 41.720000979 2.4678941251 54.560002892
 2903.0000000 291507.65496 7396261.8797 -2834.550605 2851.5506050 156.05496404 113.67970833 55.056277068 44.569999863 2.8583801204 54.240003188
 2918.0000000 291516.32967 7396268.0885 -2845.096582 2862.0965818 164.72967233 119.88854389 55.386275093 46.080001009 3.0562446862 54.570001214
 2931.0000000 291524.01121 7396273.6253 -2854.004646 2871.0046457 172.41121494 125.42534317 54.686274311 47.409999350 3.2869560887 53.870000431
 2943.0000000 291531.19856 7396278.8955 -2862.041100 2879.0410999 179.59856277 130.69551561 54.446276440 48.499998504 2.7611814716 53.630002561
 2959.0000000 291540.94701 7396286.1040 -2872.482842 2889.4828417 189.34700923 137.90404166 54.226275214 50.019999047 2.8670840940 53.410001334
 2976.0000000 291551.50925 7396293.9816 -2883.225864 2900.2258644 199.90924976 145.78158372 53.976275207 51.589999990 2.7916034748 53.160001327
 2989.0000000 291559.68463 7396300.1888 -2891.204353 2908.2043534 208.08463007 151.98876211 53.246275644 52.689998541 2.8657587712 52.430001764
 3003.0000000 291568.59258 7396307.0326 -2899.561123 2916.5611230 216.99258094 158.83263686 53.316275341 54.009997485 2.8311277786 52.500001461
 3017.0000000 291577.66285 7396313.9508 -2907.678915 2924.6789149 226.06284761 165.75079378 53.646277181 55.109999450 2.4265285488 52.830003301
 3031.0000000 291586.94612 7396320.8631 -2915.557142 2932.5571415 235.34611643 172.66306147 54.636275072 56.400000203 3.2735673904 53.820001193
 3047.0000000 291597.79141 7396328.8036 -2924.238311 2941.2383112 246.19141393 180.60358396 54.576273697 57.879999744 2.7766075944 53.759999818
 3061.0000000 291607.38694 7396335.8978 -2931.561528 2948.5615279 255.78694149 187.69778744 54.106276278 59.039998091 2.6297303785 53.290002399
 3076.0000000 291617.76975 7396343.6468 -2939.123611 2956.1236113 266.16975270 195.44679970 54.056277040 60.409997435 2.7413591848 53.240003160
 3087.0000000 291625.49145 7396349.3666 -2944.479137 2961.4791369 273.89144547 201.16658575 54.516276137 61.319997198 2.7129636310 53.700002257
 3104.0000000 291637.54002 7396358.3037 -2952.479691 2969.4796910 285.94002009 210.10369908 53.986273528 62.529999361 2.2892088941 53.169999649
 3116.0000000 291646.12917 7396364.6846 -2957.914451 2974.9144507 294.52916906 216.48463035 54.426275982 63.610002533 2.8725958728 53.610002102
 3131.0000000 291657.00546 7396372.6974 -2964.436899 2981.4368989 305.40546249 224.49743184 54.446276440 64.839996659 2.4602519467 53.630002561
 3145.0000000 291667.22442 7396380.2772 -2970.281437 2987.2814369 315.62442143 232.07720974 54.056277040 65.809999634 2.2129522875 53.240003160
 3160.0000000 291678.24843 7396388.4972 -2976.276955 2993.2769554 326.64842689 240.29715022 54.156275517 67.069998781 2.5266573873 53.340001637
 3173.0000000 291687.89799 7396395.6687 -2981.225549 2998.2255489 336.29799119 247.46871593 54.236273535 68.180000144 2.5672235137 53.419999656
 3188.0000000 291699.10046 7396404.0097 -2986.701095 3003.7010955 347.50045804 255.80971023 54.056277040 68.999998505 1.6738913889 53.240003160
 3201.0000000 291708.83857 7396411.3147 -2991.266501 3008.2665010 357.23856681 263.11471415 53.826273677 69.880000078 2.0906960007 53.009999797
 3218.0000000 291721.59914 7396420.9902 -2996.977509 3013.9775090 369.99913580 272.79015086 53.466276871 70.860002450 1.8300027080 52.650002991
 3231.0000000 291731.41051 7396428.4454 -3001.123924 3018.1239240 379.81051002 280.24536408 53.706274741 71.939998792 2.5469743782 52.890000862
 3247.0000000 291743.58160 7396437.6436 -3005.952465 3022.9524654 391.98159643 289.44355166 53.766276116 72.930000561 1.8593493770 52.950002237
 3260.0000000 291753.55462 7396445.1368 -3009.616289 3026.6162888 401.95461797 296.93680219 54.026274445 74.329998096 3.2816477584 53.210000565
 3275.0000000 291765.16448 7396453.8078 -3013.498487 3030.4984868 413.56447749 305.60781088 54.096274142 75.669999248 2.6834116784 53.280000262
 3290.0000000 291776.84916 7396462.5125 -3017.068805 3034.0688046 425.24915859 314.31249045 54.166273839 76.790000008 2.2441246616 53.349999959
 3305.0000000 291788.59592 7396471.2587 -3020.319153 3037.3191532 436.99592305 323.05868153 54.126276737 78.179998146 2.7810928678 53.310002857
 3333.0000000 291810.68023 7396487.5880 -3025.779217 3042.7792171 459.08022999 339.38797305 54.546274917 79.330003926 1.3088093110 53.730001038
 3363.0000000 291834.48867 7396504.9939 -3031.295187 3048.2951866 482.88867083 356.79389926 54.746275686 79.480001711 0.2472798928 53.930001806
 3391.0000000 291856.77189 7396521.1657 -3036.407395 3053.4073954 505.17188845 372.96571977 54.946276454 79.480001711 0.2106846433 54.130002575
 3415.0000000 291875.87538 7396535.1092 -3040.500603 3057.5006027 524.27538028 386.90921508 54.436274304 80.879999245 1.8593158898 53.620000424
 3434.0000000 291891.00214 7396546.2759 -3043.249844 3060.2498439 539.40214073 398.07589279 54.326273690 82.480005209 2.5321634828 53.509999811
 3448.0000000 291902.19940 7396554.5191 -3044.896534 3061.8965337 550.59940269 406.31906827 54.586275834 84.010001734 3.3249182561 53.770001954
 3469.0000000 291919.11869 7396566.8273 -3046.717587 3063.7175870 567.51869494 418.62726024 54.976275234 86.040002258 2.9526334256 54.160001355
 3485.0000000 291932.10644 7396576.1340 -3047.584214 3064.5842136 580.50643626 427.93404098 55.406275552 87.750001588 3.3057700021 54.590001672
 3499.0000000 291943.51333 7396584.2420 -3048.023959 3065.0239593 591.91332517 436.04195444 55.416273873 88.650001955 1.9286910981 54.599999994
 3514.0000000 291955.74237 7396592.9262 -3048.330242 3065.3302425 604.14237147 444.72621998 55.456274790 89.010000735 0.7244267333 54.640000910
 3542.0000000 291978.56243 7396609.1555 -3048.525713 3065.5257130 626.96243182 460.95550605 55.336275855 90.190004707 1.2708100000 54.520001975
 3572.0000000 292003.04930 7396626.4931 -3048.331980 3065.3319804 651.44930304 478.29308930 55.696276475 90.550003487 0.5091107322 54.880002595
 3601.0000000 292026.69520 7396643.2880 -3048.202913 3065.2029129 675.09520115 495.08795305 55.166273866 89.959998087 0.8204440249 54.349999987
 3630.0000000 292050.24882 7396660.2128 -3048.230751 3065.2307515 698.64881523 512.01284867 55.066275389 89.929999896 0.1080010771 54.250001510
 3658.0000000 292072.98024 7396676.5680 -3048.264960 3065.2649600 721.38024429 528.36800957 55.096274170 89.929999896 0.0321415262 54.280000290
 3687.0000000 292096.45965 7396693.5954 -3048.340883 3065.3408831 744.85964611 545.39540796 54.636275072 89.769995884 0.5038248224 53.820001193
 3719.0000000 292122.33016 7396712.4362 -3048.458172 3065.4581721 770.73016093 564.23620193 54.866274621 89.809993472 0.2188593430 54.050000741
 3733.0000000 292133.69072 7396720.6206 -3048.527811 3065.5278109 782.09072007 572.42060617 55.226275241 89.620004930 0.8722580672 54.410001362
 3746.0000000 292144.31244 7396728.1148 -3048.756959 3065.7569591 792.71243849 579.91476565 55.996275721 88.359998953 3.4075072905 55.180001841
 3761.0000000 292156.69604 7396736.5576 -3049.392940 3066.3929396 805.09604246 588.35758179 57.066275445 86.779998613 3.8153214655 56.250001565
 3775.0000000 292168.37434 7396744.2245 -3050.329309 3067.3293094 816.77433684 596.02445770 57.996275776 85.550004487 3.3015883466 57.180001896
 3794.0000000 292184.39935 7396754.2831 -3052.082724 3069.0827235 832.79934820 606.08308149 59.406275663 83.859997120 3.4690684370 58.590001783
 3804.0000000 292192.93165 7396759.3915 -3053.144523 3070.1445234 841.33164837 611.19153544 60.406275691 83.949998523 2.9952354979 59.590001811
 3819.0000000 292205.84399 7396766.8375 -3054.841287 3071.8412874 854.24398966 618.63752907 61.286276783 83.059997553 2.4952584969 60.470002904
 3833.0000000 292217.96830 7396773.5956 -3056.677128 3073.6771285 866.36830154 625.39563779 62.076273906 81.870001015 3.0526744358 61.260000026
 3845.0000000 292228.40269 7396779.2294 -3058.524318 3075.5243176 876.80269370 631.02938815 62.826273927 80.419999665 4.0709668905 62.010000047
 3862.0000000 292243.22997 7396786.9566 -3061.604766 3078.6047662 891.62997219 638.75656706 63.756274258 78.699994108 3.4377133817 62.940000378
 3876.0000000 292255.45784 7396793.1241 -3064.516677 3081.5166771 903.85784238 644.92409199 64.346274427 77.289997176 3.2646852571 63.530000547
 3890.0000000 292267.69323 7396799.1197 -3067.739735 3084.7397347 916.09323351 650.91966063 65.076277804 76.089994411 2.9882257095 64.260003925
 3905.0000000 292280.81475 7396805.3490 -3071.490347 3088.4903473 929.21475391 657.14900770 65.766272635 74.949994857 2.6426562448 64.949998756
 3919.0000000 292293.06814 7396810.9787 -3075.258744 3092.2587441 941.46813809 662.77867605 66.516272656 73.820001531 2.8738330038 65.699998777
 3933.0000000 292305.30474 7396816.4347 -3079.324992 3096.3249920 953.70474157 668.23465004 67.056273587 72.410004599 3.2179085985 66.239999707
 3947.0000000 292317.54086 7396821.6794 -3083.661765 3100.6617650 965.94086022 673.47937322 68.176276365 71.499998005 3.0016208570 67.360002485
 3961.0000000 292329.77530 7396826.6862 -3088.275061 3105.2750611 978.17530360 678.48624537 68.946273029 70.019998465 3.5333574289 68.129999149
 3976.0000000 292342.84850 7396831.7905 -3093.573516 3110.5735163 991.24849715 683.59045579 70.036277027 68.610001534 3.4801604861 69.220003147
 3992.0000000 292356.73097 7396836.9225 -3099.653710 3116.6537102 1005.1309706 688.72247494 71.026274918 66.719999398 3.9377431464 70.210001038
 4005.0000000 292367.94796 7396840.8282 -3104.940271 3121.9402712 1016.3479634 692.62822797 72.216277393 65.290003672 4.1453166418 71.400003513
 4022.0000000 292382.54112 7396845.5389 -3112.280404 3129.2804045 1030.9411183 697.33887304 73.646277738 63.549999321 3.8221514211 72.830003858
 4034.0000000 292392.77257 7396848.5781 -3117.766527 3134.7665270 1041.1725718 700.37812799 74.906272279 62.040001590 4.7008762158 74.089998400
 4051.0000000 292407.16597 7396852.4327 -3125.951406 3142.9514057 1055.5659687 704.23269056 76.756278434 60.399998038 4.0697141269 75.940004555
 4063.0000000 292417.26015 7396854.8077 -3131.991459 3148.9914592 1065.6601511 706.60769402 78.406272377 59.159997685 4.7237379632 77.589998497
 4081.0000000 292432.31299 7396857.8054 -3141.395816 3158.3958163 1080.7129935 709.60540887 80.716277629 57.849994723 3.9424176588 79.900003749
 4092.0000000 292441.45442 7396859.3372 -3147.320768 3164.3207683 1089.8544231 711.13723993 81.896277967 56.969999980 3.6209935338 81.080004087
 4106.0000000 292453.02057 7396861.0322 -3155.026613 3172.0266133 1101.4205656 712.83223676 83.066276169 56.239999607 2.6131008659 82.250002289
 4121.0000000 292465.31178 7396862.6507 -3163.472940 3180.4729399 1113.7117761 714.45068989 83.566276183 55.219999647 2.2010181654 82.750002303
 4135.0000000 292476.61229 7396864.0833 -3171.613471 3188.6134708 1125.0122939 715.88329251 83.616279236 53.669997498 3.3225767363 82.800005356
 4146.0000000 292485.31926 7396865.1962 -3178.243983 3195.2439831 1133.7192616 716.99620293 83.446273433 52.189997958 4.0532779408 82.629999553
 4164.0000000 292499.27472 7396867.0466 -3189.462472 3206.4624720 1147.6747250 718.84657666 83.076278305 50.699999020 2.5297126686 82.260004425
 4179.0000000 292510.64315 7396868.6667 -3199.114115 3216.1141151 1159.0431471 720.46670018 82.326278284 49.200000686 3.2121889088 81.510004405
 4194.0000000 292521.74850 7396870.3773 -3209.052233 3226.0522326 1170.1484983 722.17734363 81.786277354 47.810002548 2.8952801668 80.970003474
 4302.0000000 292600.78379 7396882.9162 -3281.591073 3298.5910731 1249.1837944 734.71621210 81.816273880 47.800000000 0.0067696163 81.000000000
