# WELL TRACE FROM PETREL 
# WELL NAME:              9-PPT-42D-RJS
# DEFINITIVE SURVEY:      Explicit survey 1
# WELL HEAD X-COORDINATE: 289521.69000000 (m)
# WELL HEAD Y-COORDINATE: 7397840.62000000 (m)
# WELL DATUM (KB, Kelly bushing, from MSL): 25.00000000 (m)
# WELL TYPE:              OIL
# MD AND TVD ARE REFERENCED (=0) AT WELL DATUM AND INCREASE DOWNWARDS
# ANGLES ARE GIVEN IN DEGREES
# XYZ TRACE IS GIVEN IN COORDINATE SYSTEM BRAZIL SIRGAS 2000 (WGS84) UTM24S CM 39W (Brazil SIRGAS 2000 (WGS84) UTM24S Lon range 42W - 36W) [Chevron,720787]
# AZIM_TN: azimuth in True North 
# AZIM_GN: azimuth in Grid North 
# DX DY ARE GIVEN IN GRID NORTH IN m-UNITS
# DEPTH (Z, tvd_z) GIVEN IN m-UNITS
#===============================================================================================================================================
      MD            X            Y            Z           TVD           DX          DY        AZIM_TN        INCL         DLS        AZIM_GN
#===============================================================================================================================================
 0.0000000000 289521.69000 7397840.6200 25.000000000 0.0000000000 -0.000000000 0.0000000047 0.8228274875 0.0000000000 0.0000000000 0.0000000000
 1206.0000000 289521.69000 7397840.6200 -1181.000000 1206.0000000 -0.000000000 0.0000000047 0.8228274875 0.0000000000 0.0000000000 0.0000000000
 1295.0000000 289522.16202 7397840.7156 -1269.998263 1294.9982631 0.4720178524 0.0956042344 79.372827488 0.6200000000 0.2089887640 78.550000000
 1335.0000000 289522.43773 7397840.7396 -1309.997198 1334.9971980 0.7477277286 0.1196218124 107.42282749 0.1900000000 0.3457929783 106.60000000
 1373.0000000 289522.54495 7397840.7384 -1347.997041 1372.9970407 0.8549514201 0.1183973802 71.112827488 0.1500000000 0.0888568300 70.290000000
 1419.0000000 289522.62966 7397840.7610 -1393.996953 1418.9969530 0.9396555805 0.1410059584 86.132827488 0.0700000000 0.0550206605 85.310000000
 1451.0000000 289522.60830 7397840.7533 -1425.996925 1450.9969254 0.9182958403 0.1332872855 257.97282749 0.1500000000 0.2057964899 257.15000000
 1491.0000000 289522.14076 7397840.6965 -1465.993592 1490.9935924 0.4507589588 0.0764698545 264.63282749 1.2000000000 0.7883671249 263.81000000
 1530.0000000 289520.85975 7397840.5797 -1504.971436 1529.9714356 -0.830251627 -0.040273857 266.07282749 2.5800000000 1.0620831616 265.25000000
 1568.0000000 289518.80080 7397840.3537 -1542.914375 1567.9143751 -2.889198887 -0.266303368 263.49282749 3.6700000000 0.8674434837 262.67000000
 1608.0000000 289515.93091 7397840.0728 -1582.809865 1607.8098649 -5.759092958 -0.547156190 266.62282749 4.6000000000 0.7174887116 265.80000000
 1647.0000000 289512.53793 7397839.8651 -1621.661155 1646.6611550 -9.152073841 -0.754889510 267.91282749 5.4000000000 0.6213934931 267.09000000
 1686.0000000 289508.64008 7397839.6388 -1660.465040 1685.4650395 -13.04991788 -0.981231111 267.13282749 6.0900000000 0.5341444078 266.31000000
 1725.0000000 289504.42806 7397839.2670 -1699.235131 1724.2351309 -17.26193533 -1.352966852 264.48282749 6.3600000000 0.3032521253 263.66000000
 1765.0000000 289500.15054 7397838.7973 -1739.002982 1764.0029818 -21.53946270 -1.822734759 264.63282749 5.9900000000 0.2777634898 263.81000000
 1805.0000000 289496.12691 7397838.5501 -1778.799149 1803.7991492 -25.56309194 -2.069918226 270.17282749 5.5900000000 0.5151282496 269.35000000
 1842.0000000 289492.57125 7397838.4126 -1815.627646 1840.6276461 -29.11875240 -2.207442571 267.00282749 5.4500000000 0.2720090891 266.18000000
 1862.0000000 289490.77722 7397838.1889 -1835.545624 1860.5456237 -30.91277545 -2.431080211 260.09282749 4.9400000000 1.2094817514 259.27000000
 1880.0000000 289489.35202 7397837.8219 -1853.485230 1878.4852304 -32.33797748 -2.798083364 252.27282749 4.4600000000 1.3325758676 251.45000000
 1902.0000000 289487.93455 7397837.1145 -1875.427614 1900.4276143 -33.75545411 -3.505501255 235.15282749 3.8900000000 1.8596250621 234.33000000
 1919.0000000 289487.15021 7397836.3966 -1892.394090 1917.3940903 -34.53978736 -4.223399088 220.43282749 3.3400000000 1.8959308078 219.61000000
 1949.0000000 289486.82286 7397835.1075 -1922.361137 1947.3611369 -34.86713687 -5.512498349 160.33282749 2.5100000000 3.0153428785 159.51000000
 1973.0000000 289487.60514 7397834.5105 -1946.338724 1971.3387236 -34.08486227 -6.109459510 100.73282749 2.9000000000 3.3863831579 99.910000000
 1991.0000000 289488.85990 7397834.4592 -1964.293582 1989.2935819 -32.83010071 -6.160823739 88.902827488 5.1400000000 3.9615701665 88.080000000
 2001.0000000 289489.84875 7397834.5027 -1974.244339 1999.2443393 -31.84124913 -6.117267010 87.802827488 6.2200000000 3.2562722779 86.980000000
 2020.0000000 289492.02969 7397834.6204 -1993.118284 2018.1182836 -29.66031160 -5.999581983 87.672827488 6.9800000000 1.2002311287 86.850000000
 2033.0000000 289493.60731 7397834.7077 -2006.021936 2031.0219358 -28.08269148 -5.912345969 87.642827488 6.9800000000 0.0084131218 86.820000000
 2049.0000000 289495.55374 7397834.8032 -2021.902847 2046.9028474 -26.13626277 -5.816836017 88.382827488 7.0100000000 0.1780887305 87.560000000
 2062.0000000 289497.25789 7397834.8484 -2034.790428 2059.7904279 -24.43211098 -5.771603425 90.102827488 8.0600000000 2.4780812274 89.280000000
 2077.0000000 289499.55116 7397834.8293 -2049.613690 2074.6136899 -22.13883830 -5.790681186 92.312827488 9.5300000000 3.0161411803 91.490000000
 2090.0000000 289501.86159 7397834.7653 -2062.406295 2087.4062955 -19.82841193 -5.854659208 92.492827488 10.950000000 3.2777510272 91.670000000
 2106.0000000 289505.11537 7397834.6493 -2078.071103 2103.0711031 -16.57463022 -5.970741338 93.192827488 12.530000000 2.9744588711 92.370000000
 2120.0000000 289508.32807 7397834.5243 -2091.696629 2116.6966287 -13.36193407 -6.095708194 92.922827488 14.020000000 3.1956114308 92.100000000
 2134.0000000 289511.90277 7397834.4067 -2105.231742 2130.2317418 -9.787233182 -6.213321057 92.512827488 15.580000000 3.3503618419 91.690000000
 2150.0000000 289516.42324 7397834.2907 -2120.579044 2145.5790444 -5.266761779 -6.329294388 92.092827488 17.250000000 3.1391282936 91.270000000
 2163.0000000 289520.42412 7397834.2208 -2132.947749 2157.9477490 -1.265880285 -6.399166939 91.572827488 18.600000000 3.1371699062 90.750000000
 2178.0000000 289525.41427 7397834.1764 -2147.092992 2172.0929918 3.7242690352 -6.443634397 91.112827488 20.260000000 3.3340511508 90.290000000
 2192.0000000 289530.42060 7397834.1641 -2160.167179 2185.1671786 8.7305989115 -6.455905372 90.822827488 21.640000000 2.9654700469 90.000000000
 2207.0000000 289536.14093 7397834.1760 -2174.033452 2199.0334520 14.450929912 -6.444047189 90.592827488 23.190000000 3.1049527310 89.770000000
 2221.0000000 289541.81016 7397834.2079 -2186.834180 2211.8341797 20.120160277 -6.412139761 90.412827488 24.580000000 2.9826597796 89.590000000
 2236.0000000 289548.23767 7397834.2533 -2200.387147 2225.3871467 26.547673174 -6.366721691 90.422827488 26.160000000 3.1600116084 89.600000000
 2250.0000000 289554.55278 7397834.2979 -2212.881978 2237.8819782 32.862775254 -6.322069542 90.412827488 27.460000000 2.7857310428 89.590000000
 2263.0000000 289560.68858 7397834.3336 -2224.342925 2249.3429254 38.998576687 -6.286377129 90.562827488 28.860000000 3.2348944039 89.740000000
 2279.0000000 289568.60948 7397834.3639 -2238.244716 2263.2447159 46.919478545 -6.256099878 90.642827488 30.480000000 3.0384067591 89.820000000
 2291.0000000 289574.81760 7397834.3746 -2248.514276 2273.5142756 53.127599855 -6.245432158 90.802827488 31.820000000 3.3563811821 89.980000000
 2307.0000000 289583.45300 7397834.3837 -2261.983997 2286.9839975 61.762996191 -6.236251014 90.722827488 33.500000000 3.1510392992 89.900000000
 2321.0000000 289591.33216 7397834.4045 -2273.556616 2298.5566164 69.642161073 -6.215491766 90.622827488 34.990000000 3.1951324689 89.800000000
 2336.0000000 289600.09346 7397834.4701 -2285.732198 2310.7321983 78.403460761 -6.149880200 90.172827488 36.480000000 3.0259847631 89.350000000
 2350.0000000 289608.56472 7397834.5941 -2296.878136 2321.8781360 86.874717547 -6.025940957 89.802827488 37.990000000 3.2710733016 88.980000000
 2364.0000000 289617.31364 7397834.7677 -2307.806958 2332.8069582 95.623638010 -5.852342121 89.572827488 39.370000000 2.9731371808 88.750000000
 2379.0000000 289626.97740 7397834.9760 -2319.277926 2344.2779262 105.28739710 -5.644048081 89.602827488 40.860000000 2.9802506793 88.780000000
 2393.0000000 289636.24679 7397835.1717 -2329.768776 2354.7687762 114.55679141 -5.448282494 89.622827488 42.070000000 2.5930124086 88.800000000
 2408.0000000 289646.42008 7397835.3884 -2340.790491 2365.7904905 124.73008270 -5.231586413 89.582827488 43.350000000 2.5605749204 88.760000000
 2421.0000000 289655.42981 7397835.5969 -2350.160671 2375.1606707 133.73980919 -5.023064935 89.412827488 44.410000000 2.4612201436 88.590000000
 2438.0000000 289667.46173 7397835.9080 -2362.167582 2387.1675825 145.77172982 -4.712032692 89.272827488 45.720000000 2.3183699041 88.450000000
 2451.0000000 289676.84923 7397836.1711 -2371.157947 2396.1579473 155.15923144 -4.448916828 89.162827488 46.770000000 2.4300034833 88.340000000
 2465.0000000 289687.15527 7397836.4834 -2380.629510 2405.6295100 165.46527267 -4.136597346 89.012827488 48.080000000 2.8171027869 88.190000000
 2480.0000000 289698.42669 7397836.8187 -2390.522440 2415.5224402 176.73668690 -3.801292255 89.222827488 49.390000000 2.6389490718 88.400000000
 2493.0000000 289708.39017 7397837.0873 -2398.869802 2423.8698023 186.70016711 -3.532650680 89.332827488 50.710000000 3.0523625461 88.510000000
 2508.0000000 289720.13127 7397837.3699 -2408.202091 2433.2020911 198.44127121 -3.250059887 89.552827488 52.340000000 3.2781449539 88.730000000
 2522.0000000 289731.31931 7397837.5953 -2416.616554 2441.6165535 209.62931418 -3.024705238 89.782827488 53.770000000 3.0894951994 88.960000000
 2537.0000000 289743.53408 7397837.7815 -2425.322602 2450.3226019 221.84407529 -2.838479518 90.112827488 55.270000000 3.0477550069 89.290000000
 2551.0000000 289755.15139 7397837.9142 -2433.135848 2458.1358476 233.46139305 -2.705770882 90.222827488 56.880000000 3.4555388687 89.400000000
 2565.0000000 289766.97689 7397838.0100 -2440.631028 2465.6310283 245.28689434 -2.610026659 90.492827488 58.380000000 3.2512147221 89.670000000
 2581.0000000 289780.72312 7397838.0492 -2448.821046 2473.8210456 259.03312278 -2.570781812 90.822827488 60.040000000 3.1575538820 90.000000000
 2594.0000000 289792.06247 7397838.0183 -2455.180906 2480.1809055 270.37246675 -2.601658845 91.132827488 61.380000000 3.1546181764 90.310000000
 2608.0000000 289804.43457 7397837.9221 -2461.735006 2486.7350060 282.74457086 -2.697941278 91.402827488 62.790000000 3.0643732527 90.580000000
 2623.0000000 289817.82613 7397837.7314 -2468.493462 2493.4934619 296.13613370 -2.888649420 91.872827488 63.650000000 1.9137911408 91.050000000
 2637.0000000 289830.49976 7397837.4510 -2474.436245 2499.4362452 308.80975559 -3.168987167 92.302827488 66.110000000 5.3370221149 91.480000000
 2652.0000000 289844.25015 7397837.0873 -2480.423443 2505.4234430 322.56014539 -3.532679209 92.372827488 66.840000000 1.4656319377 91.550000000
 2663.0000000 289854.36402 7397836.7986 -2484.742685 2509.7426852 332.67402229 -3.821372798 92.542827488 66.920000000 0.4789775505 91.720000000
 2680.0000000 289869.99401 7397836.3143 -2491.416511 2516.4165110 348.30400869 -4.305734157 92.652827488 66.850000000 0.2171031289 91.830000000
 2693.0000000 289881.97062 7397835.9285 -2496.461508 2521.4615081 360.28061959 -4.691537239 92.682827488 67.480000000 1.4552455603 91.860000000
 2709.0000000 289896.81446 7397835.4555 -2502.418816 2527.4188160 375.12445937 -5.164464706 92.612827488 68.800000000 2.4779956315 91.790000000
 2724.0000000 289910.83543 7397835.0419 -2507.738032 2532.7380324 389.14542924 -5.578078009 92.412827488 69.660000000 1.7601919378 91.590000000
 2738.0000000 289923.96157 7397834.7337 -2512.602032 2537.6020320 402.27156858 -5.886262503 91.922827488 69.680000000 0.9855244368 91.100000000
 2766.0000000 289950.21672 7397834.3625 -2522.334634 2547.3346343 428.52671646 -6.257477022 91.342827488 69.640000000 0.5842539906 90.520000000
 2782.0000000 289965.21740 7397834.2499 -2527.905247 2552.9052470 443.52740496 -6.370059844 91.162827488 69.610000000 0.3213454022 90.340000000
 2795.0000000 289977.40564 7397834.1861 -2532.431367 2557.4313673 455.71564469 -6.433876674 91.082827488 69.640000000 0.1863982327 90.260000000
 2824.0000000 290004.59770 7397834.1197 -2542.520991 2567.5209911 482.90770473 -6.500318640 90.842827488 69.640000000 0.2327648344 90.020000000
 2852.0000000 290030.84699 7397834.1815 -2552.276448 2577.2764483 509.15698720 -6.438483060 90.532827488 69.580000000 0.3178994363 89.710000000
 2881.0000000 290058.03297 7397834.3951 -2562.380316 2587.3803161 536.34297439 -6.224944769 90.212827488 69.640000000 0.3164397749 89.390000000
 2910.0000000 290085.22582 7397834.7202 -2572.462814 2597.4628137 563.53581631 -5.899820812 90.062827488 69.670000000 0.1487652732 89.240000000
 2939.0000000 290112.41485 7397835.0690 -2582.554797 2607.5547971 590.72484619 -5.551012696 90.112827488 69.600000000 0.0871501263 89.290000000
 2968.0000000 290139.59843 7397835.4296 -2592.661017 2617.6610167 617.90842774 -5.190413353 90.012827488 69.610000000 0.0975136237 89.190000000
 2983.0000000 290153.66240 7397835.6272 -2597.878553 2622.8785534 631.97239610 -4.992802909 90.022827488 69.680000000 0.1412501470 89.200000000
 2996.0000000 290165.85083 7397835.7942 -2602.401482 2627.4014821 644.16083182 -4.825799587 90.052827488 69.600000000 0.1956925501 89.230000000
 3025.0000000 290193.03374 7397836.0504 -2612.512491 2637.5124912 671.34373910 -4.569594945 90.512827488 69.590000000 0.4461222793 89.690000000
 3053.0000000 290219.28129 7397836.0939 -2622.272549 2647.2725487 697.59129369 -4.526080601 90.942827488 69.610000000 0.4323504344 90.120000000
 3082.0000000 290246.46846 7397835.9326 -2632.374065 2657.3740653 724.77845809 -4.687417128 91.382827488 69.620000000 0.4267916906 90.560000000
 3111.0000000 290273.65375 7397835.5743 -2642.475573 2667.4755726 751.96375481 -5.045661259 91.772827488 69.610000000 0.3783229779 90.950000000
 3139.0000000 290299.90302 7397835.1459 -2652.221847 2677.2218473 778.21302226 -5.474054989 91.742827488 69.650000000 0.0523900685 90.920000000
 3168.0000000 290327.08897 7397834.6572 -2662.316214 2687.3162139 805.39896649 -5.962818851 91.962827488 69.610000000 0.2173295895 91.140000000
 3197.0000000 290354.27272 7397834.0996 -2672.412943 2697.4129433 832.58272067 -6.520371833 92.032827488 69.640000000 0.0746408811 91.210000000
 3226.0000000 290381.45836 7397833.5064 -2682.502556 2707.5025556 859.76835975 -7.113563643 92.112827488 69.640000000 0.0775882842 91.290000000
 3255.0000000 290408.64135 7397832.9133 -2692.599285 2717.5992853 886.95135251 -7.706699475 92.032827488 69.610000000 0.0835578284 91.210000000
 3283.0000000 290434.88953 7397832.4254 -2702.345578 2727.3455781 913.19952776 -8.194640687 91.742827488 69.650000000 0.2944194759 90.920000000
 3312.0000000 290462.07813 7397832.0505 -2712.437577 2737.4375767 940.38813448 -8.569548537 91.482827488 69.620000000 0.2540563757 90.660000000
 3341.0000000 290489.26834 7397831.8227 -2722.529589 2747.5295892 967.57834140 -8.797332506 91.122827488 69.650000000 0.3505125033 90.300000000
 3370.0000000 290516.45849 7397831.7278 -2732.623954 2757.6239540 994.76849017 -8.892249341 90.922827488 69.610000000 0.1983229764 90.100000000
 3395.0000000 290539.89536 7397831.7380 -2741.334177 2766.3341775 1018.2053638 -8.882022016 90.672827488 69.610000000 0.2812028167 89.850000000
 3426.0000000 290568.96071 7397831.8369 -2752.124698 2777.1246977 1047.2707109 -8.783096599 90.582827488 69.650000000 0.0903613918 89.760000000
 3455.0000000 290596.15077 7397831.9555 -2762.219053 2787.2190535 1074.4607723 -8.664456233 90.562827488 69.610000000 0.0456995069 89.740000000
 3484.0000000 290623.34345 7397832.0789 -2772.306291 2797.3062911 1101.6534498 -8.541057744 90.562827488 69.680000000 0.0724137931 89.740000000
 3513.0000000 290650.53984 7397832.1217 -2782.384064 2807.3840638 1128.8498418 -8.498328712 90.902827488 69.650000000 0.3312604634 90.080000000
 3542.0000000 290677.73602 7397832.0054 -2792.461835 2817.4618350 1156.0460177 -8.614628228 91.232827488 69.680000000 0.3216043105 90.410000000
 3570.0000000 290703.99411 7397831.8335 -2802.192074 2827.1920742 1182.3041115 -8.786489902 91.162827488 69.650000000 0.0773231909 90.340000000
 3599.0000000 290731.18484 7397831.6769 -2812.284058 2837.2840576 1209.4948429 -8.943098244 91.142827488 69.620000000 0.0365972828 90.320000000
 3628.0000000 290758.36686 7397831.5417 -2822.399763 2847.3997631 1236.6768633 -9.078310383 91.072827488 69.550000000 0.0992445827 90.250000000
 3657.0000000 290785.55164 7397831.4326 -2832.508352 2857.5083516 1263.8616446 -9.187433337 91.032827488 69.650000000 0.1104796374 90.210000000
 3685.0000000 290811.80496 7397831.3226 -2842.252336 2867.2523363 1290.1149573 -9.297401034 91.092827488 69.620000000 0.0683032722 90.270000000
 3714.0000000 290838.99318 7397831.1945 -2852.351437 2877.3514370 1317.3031798 -9.425522173 91.092827488 69.620000000 0.0000000000 90.270000000
 3742.0000000 290865.24902 7397831.0799 -2862.088548 2887.0885484 1343.5590160 -9.540082558 91.052827488 69.680000000 0.0758107249 90.230000000
 3771.0000000 290892.44796 7397830.9968 -2872.159179 2897.1591786 1370.7579631 -9.623155953 90.942827488 69.680000000 0.1067115034 90.120000000
 3800.0000000 290919.69737 7397830.8993 -2882.091994 2907.0919940 1398.0073656 -9.720725949 91.112827488 70.260000000 0.6223334291 90.290000000
 3844.0000000 290961.15048 7397830.5193 -2896.855540 2921.8555401 1439.4604825 -10.10071122 91.582827488 70.530000000 0.3535802919 90.760000000
 3883.0000000 290997.95050 7397830.0343 -2909.774496 2934.7744963 1476.2605012 -10.58565743 91.572827488 70.780000000 0.1924446078 90.750000000
 3912.0000000 291025.42398 7397829.9513 -2919.067626 2944.0676261 1503.7339819 -10.66870635 90.422827488 71.840000000 1.5723618199 89.600000000
 3941.0000000 291053.03316 7397830.3010 -2927.944873 2952.9448727 1531.3431648 -10.31903517 89.772827488 72.510000000 0.9434823350 88.950000000
 3970.0000000 291080.73391 7397831.3760 -2936.465796 2961.4657965 1559.0439098 -9.243963785 87.432827488 73.320000000 2.4608776450 86.610000000
 3998.0000000 291107.47334 7397833.4734 -2944.510449 2969.5104491 1585.7833414 -7.146607754 85.242827488 73.290000000 2.2477394102 84.420000000
 4027.0000000 291135.08723 7397836.4805 -2952.853913 2977.8539129 1613.3972261 -4.139480558 83.972827488 73.270000000 1.2584166786 83.150000000
 4056.0000000 291162.63461 7397840.0363 -2961.202109 2986.2021091 1640.9446080 -0.583698438 82.962827488 73.270000000 1.0006009481 82.140000000
 4084.0000000 291189.18323 7397843.8455 -2969.255294 2994.2552942 1667.4932258 3.2254739609 82.352827488 73.300000000 0.6267806975 81.530000000
 4113.0000000 291216.64278 7397848.0425 -2977.596058 3002.5960585 1694.9527766 7.4224616615 81.912827488 73.270000000 0.4370432973 81.090000000
 4141.0000000 291243.13623 7397852.2054 -2985.656195 3010.6561947 1721.4462264 11.585437044 81.872827488 73.270000000 0.0410430814 81.050000000
 4170.0000000 291270.57624 7397856.5147 -2994.004193 3019.0041930 1748.8862430 15.894694282 81.922827488 73.270000000 0.0495347534 81.100000000
 4199.0000000 291298.03324 7397860.7285 -3002.344943 3027.3449434 1776.3432422 20.108457834 82.272827488 73.300000000 0.3481564569 81.450000000
 4228.0000000 291325.52042 7397864.7555 -3010.678434 3035.6784344 1803.8304174 24.135549565 82.702827488 73.300000000 0.4260657858 81.880000000
 4257.0000000 291352.97022 7397868.5843 -3019.224894 3044.2248942 1831.2802200 27.964263258 83.062827488 72.420000000 0.9774306876 82.240000000
 4286.0000000 291380.09797 7397872.2619 -3028.791713 3053.7917126 1858.4079677 31.641915521 83.142827488 69.050000000 3.4870818081 82.320000000
 4314.0000000 291405.73974 7397875.6319 -3039.521316 3064.5213156 1884.0497354 35.011903851 83.532827488 65.880000000 3.4182785435 82.710000000
 4343.0000000 291431.68003 7397878.8323 -3052.084554 3077.0845536 1909.9900327 38.212314322 84.052827488 62.770000000 3.2535509144 83.230000000
 4353.0000000 291440.47827 7397879.8551 -3056.728299 3081.7282991 1918.7882738 39.235060167 84.332827488 61.890000000 2.7428122760 83.510000000
 4376.0000000 291460.48515 7397881.9751 -3067.876893 3092.8768930 1938.7951527 41.355097078 85.222827488 60.120000000 2.5220797780 84.400000000
 4395.0000000 291476.67689 7397883.5697 -3077.690285 3102.6902852 1954.9868934 42.949749087 85.172827488 57.680000000 3.8532244164 84.350000000
 4424.0000000 291500.70984 7397885.7807 -3093.768927 3118.7689268 1979.0198352 45.160727272 85.972827488 54.970000000 2.8867699390 85.150000000
 4452.0000000 291523.58500 7397887.6211 -3109.815118 3134.8151180 2001.8950011 47.001134168 86.472827488 55.100000000 0.4605840323 85.650000000
 4477.0000000 291543.93754 7397889.5206 -3124.210777 3149.2107773 2022.2475449 48.900611442 84.502827488 54.590000000 2.0273325345 83.680000000
 4527.0000000 291584.33303 7397894.9646 -3153.171310 3178.1713097 2062.6430287 54.344578243 81.792827488 54.630000000 1.3257379094 80.970000000
 4531.0000000 291587.55425 7397895.4811 -3155.486443 3180.4864432 2065.8642477 54.861109915 81.632827488 54.640000000 0.9814475590 80.810000000
 4548.0000000 291601.22019 7397897.7704 -3165.337917 3190.3379171 2079.5301891 57.150398548 80.992827488 54.530000000 0.9406883041 80.170000000
 4560.0000000 291610.84071 7397899.4020 -3172.324257 3197.3242574 2089.1507069 58.781962209 81.402827488 54.260000000 1.0724442343 80.580000000
 4578.0000000 291625.12678 7397901.5485 -3183.062732 3208.0627325 2103.4367816 60.928539584 83.172827488 52.490000000 3.7823829196 82.350000000
 4592.0000000 291636.13281 7397902.9975 -3191.595093 3216.5950935 2114.4428051 62.377522183 83.472827488 52.410000000 0.5377286509 82.650000000
 4605.0000000 291646.29112 7397904.2926 -3199.604872 3224.6048720 2124.6011164 63.672614823 83.642827488 51.520000000 2.0769584764 82.820000000
 4621.0000000 291658.59361 7397905.8198 -3209.721394 3234.7213939 2136.9036074 65.199757236 83.852827488 50.040000000 2.7917133492 83.030000000
 4634.0000000 291668.41382 7397907.0125 -3218.157209 3243.1572092 2146.7238231 66.392536596 83.942827488 49.040000000 2.3130960943 83.120000000
 4650.0000000 291680.32061 7397908.3761 -3228.759047 3253.7590470 2158.6306088 67.756069387 84.642827488 47.960000000 2.2509601380 83.820000000
 4663.0000000 291689.82352 7397909.3868 -3237.573272 3262.5732719 2168.1335220 68.766795252 84.862827488 46.660000000 3.0231167645 84.040000000
 4678.0000000 291700.57144 7397910.4779 -3247.980728 3272.9807276 2178.8814386 69.857890169 85.192827488 45.470000000 2.4269865935 84.370000000
 4692.0000000 291710.41039 7397911.4229 -3257.896473 3282.8964727 2188.7203878 70.802918564 85.482827488 44.340000000 2.4608408074 84.660000000
 4707.0000000 291720.73046 7397912.4109 -3268.738060 3293.7380603 2199.0404638 71.790901980 85.222827488 43.090000000 2.5256911123 84.400000000
 4720.0000000 291729.47225 7397913.2680 -3278.322496 3303.3224963 2207.7822538 72.648038656 85.222827488 41.910000000 2.7230769231 84.400000000
 4735.0000000 291739.32933 7397914.2011 -3289.591264 3314.5912644 2217.6393346 73.581081432 85.612827488 40.690000000 2.4937062509 84.790000000
 4749.0000000 291748.31952 7397915.0075 -3300.293705 3325.2937047 2226.6295203 74.387537790 85.782827488 39.590000000 2.3688104994 84.960000000
 4764.0000000 291757.73839 7397915.9211 -3311.932733 3336.9327333 2236.0483945 75.301071647 84.772827488 38.630000000 2.3043108666 83.950000000
 4778.0000000 291766.30901 7397916.8623 -3322.963185 3347.9631847 2244.6190096 76.242269787 84.332827488 37.390000000 2.7198231356 83.510000000
 4787.0000000 291771.68482 7397917.4705 -3330.156028 3355.1560283 2249.9948200 76.850521608 84.402827488 36.500000000 2.9699793186 83.580000000
 4803.0000000 291781.08787 7397918.5269 -3343.059101 3368.0591010 2259.3978730 77.906910870 84.422827488 36.000000000 0.9377621877 83.600000000
