# WELL TRACE FROM PETREL 
# WELL NAME:              9-PPT-19D-RJS
# DEFINITIVE SURVEY:      Explicit survey 1
# WELL HEAD X-COORDINATE: 286728.00000000 (m)
# WELL HEAD Y-COORDINATE: 7399768.00000000 (m)
# WELL DATUM (KB, Kelly bushing, from MSL): 12.00000000 (m)
# WELL TYPE:              INJECTION WATER
# MD AND TVD ARE REFERENCED (=0) AT WELL DATUM AND INCREASE DOWNWARDS
# ANGLES ARE GIVEN IN DEGREES
# XYZ TRACE IS GIVEN IN COORDINATE SYSTEM BRAZIL SIRGAS 2000 (WGS84) UTM24S CM 39W (Brazil SIRGAS 2000 (WGS84) UTM24S Lon range 42W - 36W) [Chevron,720787]
# AZIM_TN: azimuth in True North 
# AZIM_GN: azimuth in Grid North 
# DX DY ARE GIVEN IN GRID NORTH IN m-UNITS
# DEPTH (Z, tvd_z) GIVEN IN m-UNITS
#===============================================================================================================================================
      MD            X            Y            Z           TVD           DX          DY        AZIM_TN        INCL         DLS        AZIM_GN
#===============================================================================================================================================
 0.0000000000 286728.00000 7399768.0000 12.000000000 0.0000000000 -0.000000001 -0.000000004 0.8330480437 0.0000000000 0.0000000000 0.0000000000
 992.00000000 286728.00000 7399768.0000 -980.0000000 992.00000000 -0.000000001 -0.000000004 0.8330480437 0.0000000000 0.0000000000 0.0000000000
 1050.0000000 286728.02562 7399767.9755 -1037.999986 1049.9999856 0.0256232718 -0.024477586 134.52305421 0.0700000008 0.0362068970 133.69000616
 1080.0000000 286728.06845 7399767.9522 -1067.999944 1079.9999445 0.0684475172 -0.047761245 110.59305323 0.1199999937 0.0628020512 109.76000519
 1108.0000000 286728.13267 7399767.9438 -1095.999868 1107.9998683 0.1326744594 -0.056185577 88.503048652 0.1499999988 0.0637711773 87.670000609
 1138.0000000 286728.21207 7399767.9334 -1125.999760 1137.9997605 0.2120688700 -0.066550605 107.42304735 0.1599999961 0.0518972657 106.58999930
 1166.0000000 286728.26403 7399767.9246 -1153.999707 1165.9997067 0.2640274361 -0.075433775 81.883053351 0.0599999969 0.1167617987 81.050005307
 1195.0000000 286728.28011 7399767.9344 -1182.999699 1194.9996992 0.2801097660 -0.065554969 9.0130485765 0.0299999984 0.0606709187 8.1800005328
 1224.0000000 286728.28696 7399767.9469 -1211.999696 1223.9996956 0.2869573656 -0.053099232 50.253047588 0.0299999984 0.0218587241 49.419999544
 1253.0000000 286728.29851 7399767.9601 -1240.999690 1252.9996902 0.2985114695 -0.039851939 35.693049624 0.0399999990 0.0137658596 34.860001580
 1281.0000000 286728.30290 7399767.9779 -1268.999684 1280.9996840 0.3028990530 -0.022129185 353.78307007 0.0399999990 0.0306543777 352.95002203
 1309.0000000 286728.29469 7399767.9897 -1296.999680 1308.9996797 0.2946865556 -0.010289019 287.79304748 0.0299999984 0.0418193553 286.95999944
 1337.0000000 286728.26476 7399768.0004 -1324.999660 1336.9996600 0.2647620850 0.0003522299 291.19304148 0.0999999992 0.0750807813 290.35999343
 1366.0000000 286728.22910 7399768.0223 -1353.999629 1365.9996289 0.2291030689 0.0222590845 318.51304956 0.0700000008 0.0513253661 317.68000152
 1394.0000000 286728.20098 7399768.0390 -1381.999609 1393.9996092 0.2009837064 0.0390348956 284.79304740 0.0700000008 0.0435051144 283.95999936
 1423.0000000 286728.17644 7399768.0503 -1410.999596 1422.9995960 0.1764401093 0.0502734035 314.29304822 0.0399999990 0.0417142656 313.46000018
 1452.0000000 286728.16282 7399768.0652 -1439.999589 1451.9995889 0.1628175633 0.0651841545 322.54304845 0.0399999990 0.0059530467 321.71000041
 1480.0000000 286728.14894 7399768.0881 -1467.999576 1479.9995758 0.1489433856 0.0880733384 333.64305486 0.0700000008 0.0339621103 332.81000682
 1510.0000000 286728.13734 7399768.1115 -1497.999564 1509.9995638 0.1373443210 0.1115400903 336.60304640 0.0299999984 0.0400699847 335.76999836
 1538.0000000 286728.12984 7399768.1240 -1525.999560 1537.9995600 0.1298388394 0.1240165122 323.00307044 0.0299999984 0.0076116695 322.17002239
 1567.0000000 286728.11992 7399768.1355 -1554.999556 1566.9995560 0.1199249639 0.1354937516 317.02305928 0.0299999984 0.0032376261 316.19001124
 1596.0000000 286728.10161 7399768.1529 -1583.999544 1595.9995444 0.1016094117 0.1529480945 313.35304575 0.0700000008 0.0414905399 312.51999771
 1624.0000000 286728.08180 7399768.1773 -1611.999527 1623.9995266 0.0817959763 0.1772807706 331.40306457 0.0599999969 0.0242766484 330.57001652
 1653.0000000 286728.07176 7399768.1977 -1640.999517 1652.9995174 0.0717553772 0.1976500805 340.98305141 0.0299999984 0.0318883345 340.15000336
 1681.0000000 286728.05580 7399768.2151 -1668.999507 1680.9995066 0.0557982641 0.2150946259 308.90306394 0.0700000008 0.0507240655 308.07001590
 1710.0000000 286728.04466 7399768.2435 -1697.999489 1709.9994887 0.0446580079 0.2435139213 9.9530481830 0.0700000008 0.0735599680 9.1200001393
 1738.0000000 286728.04275 7399768.2769 -1725.999468 1737.9994684 0.0427461074 0.2768750321 345.15306495 0.0700000008 0.0322102704 344.32001691
 1766.0000000 286728.02917 7399768.3050 -1753.999451 1765.9994508 0.0291659281 0.3049550494 323.18306312 0.0599999969 0.0285492791 322.35001507
 1789.0000000 286728.01547 7399768.3247 -1776.999438 1788.9994382 0.0154651199 0.3247304745 329.05305840 0.0599999969 0.0080143764 328.22001035
 1825.0000000 286728.06865 7399768.2666 -1812.999290 1824.9992896 0.0686533623 0.2665680246 140.44305254 0.3100000083 0.3078608637 139.61000450
 1851.0000000 286728.11439 7399768.1926 -1838.999124 1850.9991238 0.1143911692 0.1925643180 180.40306036 0.0900000020 0.2859808703 179.57001232
 1881.0000000 286728.14382 7399768.1952 -1868.999091 1880.9990908 0.1438155337 0.1952138618 48.963050451 0.1499999988 0.2201580083 48.130002407
 1910.0000000 286728.15649 7399768.2405 -1897.999042 1909.9990415 0.1564944367 0.2404921660 322.80305822 0.0999999992 0.1806375697 321.97001018
 1939.0000000 286728.16125 7399768.2454 -1926.999026 1938.9990263 0.1612474836 0.2453738600 127.33305156 0.0999999992 0.2050140295 126.50000352
 1968.0000000 286728.20167 7399768.2496 -1955.998991 1967.9989910 0.2016662541 0.2496136148 46.963050395 0.1099999965 0.1403992360 46.130002352
 2011.0000000 286728.05454 7399768.4294 -1998.998140 2010.9981400 0.0545440178 0.4294049945 311.35304570 0.6200000165 0.4466389152 310.51999765
 2023.0000000 286727.96160 7399768.5318 -2010.997338 2022.9973380 -0.038400969 0.5318453955 324.95305218 0.7099999785 0.4526620130 324.12000414
 2040.0000000 286727.82117 7399768.7080 -2027.995842 2039.9958422 -0.178830225 0.7080403604 319.93306303 0.8099999777 0.2118503070 319.10001498
 2052.0000000 286727.70864 7399768.8262 -2039.994731 2051.9947315 -0.291362261 0.8262229115 314.32304700 0.7500000209 0.2426299982 313.48999896
 2080.0000000 286727.47092 7399768.9995 -2067.993145 2079.9931448 -0.529084153 0.9994849423 295.05305745 0.4699999910 0.3678871592 294.22000941
 2108.0000000 286727.26302 7399769.1402 -2095.992007 2107.9920068 -0.736977188 1.1402284727 313.06306772 0.5699999902 0.2039999885 312.23001967
 2137.0000000 286727.18239 7399769.3558 -2124.990989 2136.9909891 -0.817612246 1.3558329586 13.283048199 0.4799999749 0.5508226911 12.450000156
 2166.0000000 286727.15220 7399769.6128 -2153.989794 2165.9897943 -0.847796254 1.6127539473 338.65306477 0.5899999581 0.3468855146 337.82001672
 2196.0000000 286726.99040 7399769.8809 -2183.988147 2195.9881471 -1.009595339 1.8808908211 321.23305086 0.6200000165 0.1856152572 320.40000281
 2224.0000000 286726.74373 7399770.0184 -2211.986652 2223.9866515 -1.256265696 2.0183832292 278.70305089 0.6200000165 0.4818408217 277.87000285
 2252.0000000 286726.46476 7399769.9595 -2239.985138 2251.9851375 -1.535239846 1.9594670366 239.11305345 0.6200000165 0.4499206458 238.28000541
 2281.0000000 286726.25456 7399769.7669 -2268.983714 2280.9837140 -1.745441041 1.7669104384 215.71305891 0.5299999479 0.2578953574 214.88001086
 2309.0000000 286726.08027 7399769.5536 -2296.982356 2308.9823555 -1.919734736 1.5536286049 223.95304937 0.5999999954 0.1147258345 223.12000133
 2338.0000000 286725.81118 7399769.3864 -2325.980587 2337.9805865 -2.188817509 1.3863518648 251.98304893 0.6900000107 0.3355604158 251.15000089
 2367.0000000 286725.46899 7399769.2862 -2354.978394 2366.9783936 -2.531011031 1.2862090562 256.95305029 0.7200000158 0.0704326694 256.12000224
 2396.0000000 286725.02978 7399769.2989 -2383.974966 2395.9749664 -2.970215290 1.2989132358 282.97307054 1.0599998957 0.5378347227 282.14002250
 2410.0000000 286724.71675 7399769.4258 -2397.970788 2409.9707876 -3.283253409 1.4257716164 298.95305146 1.7300000453 1.6467936115 298.12000341
 2424.0000000 286724.16945 7399769.6755 -2411.957468 2423.9574679 -3.830552730 1.6754664313 293.41304276 3.1999999752 3.1874506935 292.57999471
 2438.0000000 286723.27747 7399769.9659 -2425.925668 2437.9256677 -4.722531324 1.9658597615 285.63304376 4.5000001252 2.9959520686 284.79999572
 2453.0000000 286721.96017 7399770.3181 -2440.863190 2452.8631898 -6.039830162 2.3181024976 285.93306208 5.9299996926 2.8605093633 285.10001404
 2468.0000000 286720.27555 7399770.7582 -2455.761411 2467.7614107 -7.724454218 2.7581528313 285.10304497 7.4000002628 2.9462312299 284.26999692
 2481.0000000 286718.48366 7399771.1685 -2468.630450 2480.6304503 -9.516343105 3.1684712945 282.58305588 8.8599993017 3.4673519186 281.75000784
 2496.0000000 286716.05819 7399771.5912 -2483.426752 2495.4267520 -11.94180993 3.5911893435 279.07304602 10.039999858 2.6253657974 278.23999798
 2511.0000000 286713.34481 7399771.9652 -2498.174455 2510.1744550 -14.65519034 3.9651962072 278.32304600 11.000000022 1.9393941204 277.48999796
 2527.0000000 286710.21330 7399772.2145 -2513.862783 2525.8627828 -17.78669617 4.2144921953 272.61305439 11.669999744 2.4492301743 271.78000634
 2539.0000000 286707.77522 7399772.1751 -2525.612322 2537.6123222 -20.22478297 4.1751404880 267.23304935 11.800000442 2.7537775842 266.40000131
 2552.0000000 286705.05480 7399771.9923 -2538.323210 2550.3232096 -22.94519893 3.9922594689 266.75306887 12.409999514 1.4267132149 265.92002083
 2568.0000000 286701.48044 7399771.7839 -2553.917343 2565.9173427 -26.51955841 3.7838650886 268.18306159 13.449999976 2.0400634507 267.35001354
 2585.0000000 286697.14179 7399771.5926 -2570.351821 2582.3518210 -30.85821409 3.5925583858 268.41304206 16.149999368 4.7658233641 267.57999402
 2596.0000000 286693.94826 7399771.4395 -2580.876762 2592.8767616 -34.05173966 3.4395380802 267.79304693 17.640000013 4.0931865605 266.95999888
 2608.0000000 286690.10570 7399771.2060 -2592.241973 2604.2419730 -37.89429586 3.2060062904 266.96306033 19.780000733 5.3911170102 266.13001229
 2624.0000000 286684.37146 7399770.8378 -2607.173545 2619.1735453 -43.62853871 2.8377649728 267.33305546 22.310000131 4.7502632589 266.50000742
 2637.0000000 286679.30785 7399770.5308 -2619.142948 2631.1429484 -48.69214777 2.5307949185 267.39305302 23.620001386 3.0235620751 266.56000498
 2653.0000000 286672.65623 7399770.1503 -2633.689435 2645.6894348 -55.34376521 2.1502953693 267.71306035 25.590000405 3.7021739782 266.88001231
 2668.0000000 286665.91673 7399769.8001 -2647.085000 2659.0849998 -62.08327097 1.8001084225 267.99305914 27.879998909 4.5869084787 267.16001110
 2681.0000000 286659.63686 7399769.5164 -2658.463791 2670.4637908 -68.36314400 1.5163710024 268.48304939 29.950000435 4.8080751684 267.65000134
 2697.0000000 286651.35350 7399769.2087 -2672.148550 2684.1485505 -76.64650336 1.2086882256 268.91304208 32.449999935 4.7060414509 268.07999403
 2711.0000000 286643.62849 7399769.0003 -2683.822347 2695.8223467 -84.37150894 1.0003448101 269.64305308 34.549999652 4.5820074611 268.81000504
 2724.0000000 286636.11380 7399768.8656 -2694.429862 2706.4298622 -91.88620244 0.8656362705 269.96306042 36.080003008 3.5564797140 269.13001237
 2740.0000000 286626.51647 7399768.7642 -2707.231999 2719.2319987 -101.4835297 0.7642415790 270.48304944 37.630001742 2.9644754822 269.65000140
 2754.0000000 286617.86139 7399768.7381 -2718.236861 2730.2368605 -110.1386099 0.7381294891 270.83305556 38.730000292 2.4022909346 270.00000751
 2769.0000000 286608.32702 7399768.7255 -2729.817577 2741.8175770 -119.6729771 0.7254576441 270.68306166 40.189997624 2.9262103667 269.85001361
 2783.0000000 286599.16879 7399768.6723 -2740.407302 2752.4073018 -128.8312095 0.6723270407 270.32304578 41.509996568 2.8732153958 269.48999773
 2797.0000000 286589.78548 7399768.5855 -2750.798068 2762.7980684 -138.2145238 0.5854919944 270.28306775 42.649999536 2.4435379389 269.45001971
 2811.0000000 286580.20621 7399768.4902 -2761.008506 2773.0085060 -147.7937899 0.4901609458 270.24305920 43.689998290 2.2293404261 269.41001116
 2827.0000000 286568.95219 7399768.3783 -2772.381697 2784.3816968 -159.0478096 0.3782707527 270.28306775 45.700000020 3.7691223897 269.45001971
 2842.0000000 286558.12275 7399768.2858 -2782.761820 2794.7618196 -169.8772453 0.2857539896 270.40306287 46.719999980 2.0473422560 269.57001483
 2855.0000000 286548.59609 7399768.2276 -2791.608631 2803.6086308 -179.4039114 0.2276461329 270.56306654 47.509996734 1.8430341661 269.73001849
 2869.0000000 286538.19217 7399768.2033 -2800.978175 2812.9781752 -189.8078294 0.2033197796 270.83305556 48.470000313 2.1015822076 270.00000751
 2884.0000000 286526.82736 7399768.2515 -2810.769302 2822.7693020 -201.1726408 0.2514859363 271.31306656 50.029998444 3.2036236832 270.48001851
 2897.0000000 286516.76580 7399768.3500 -2819.002188 2831.0021884 -211.2342010 0.3499682359 271.47307022 51.379998994 3.1284616584 270.64002218
 2913.0000000 286504.12097 7399768.5068 -2828.806155 2840.8061547 -223.8790332 0.5068456829 271.61305436 53.040001339 3.1194067299 270.78000631
 2925.0000000 286494.46997 7399768.6518 -2835.938048 2847.9380484 -233.5300341 0.6518039200 271.77305802 54.029999694 2.4958136442 270.94000998
 2940.0000000 286482.22511 7399768.8689 -2844.601433 2856.6014331 -245.7748947 0.8688835874 271.92305193 55.409998434 2.7708393733 271.09000388
 2952.0000000 286472.28079 7399769.0721 -2851.316852 2863.3168523 -255.7192146 1.0720710568 272.08305559 56.529999194 2.8195563829 271.25000755
 2968.0000000 286458.81396 7399769.3505 -2859.954547 2871.9545474 -269.1860415 1.3504989855 271.95305071 58.119998931 2.9883009901 271.12000266
 2984.0000000 286445.10591 7399769.6185 -2868.204434 2880.2044338 -282.8940907 1.6184945246 271.95305071 59.800000070 3.1500021367 271.12000266
 2998.0000000 286432.90935 7399769.8408 -2875.076866 2887.0768661 -295.0906491 1.8408441227 271.80305680 61.399999204 3.4399842242 270.97000876
 3012.0000000 286420.52665 7399770.0233 -2881.609325 2893.6093248 -307.4733518 2.0232845526 271.55305680 62.970000147 3.3974856725 270.72000875
 3026.0000000 286407.97059 7399770.1601 -2887.803376 2899.8033757 -320.0294113 2.1601190716 271.36305435 64.510002899 3.3201421519 270.53000631
 3041.0000000 286394.34256 7399770.2479 -2894.073580 2906.0735798 -333.6574418 2.2478886265 271.04304702 66.069997615 3.1736949313 270.20999897
 3055.0000000 286381.51636 7399770.2736 -2899.689642 2911.6896421 -346.4836384 2.2735866187 270.85304457 66.629997995 1.2566201065 270.01999653
 3071.0000000 286366.75367 7399770.2774 -2905.863998 2917.8639984 -361.2463279 2.2774471436 270.84306532 67.969999148 2.5125614535 270.01001728
 3084.0000000 286354.64674 7399770.3326 -2910.603096 2922.6030963 -373.3532576 2.3326254580 271.34306534 69.269995883 3.1865823857 270.51001729
 3098.0000000 286341.49515 7399770.4877 -2915.405055 2927.4050554 -386.5048510 2.4877355248 271.67305192 70.609997036 2.9472480682 270.84000387
 3113.0000000 286327.28578 7399770.7011 -2920.211651 2932.2116512 -400.7142191 2.7010544855 271.71306046 72.010001401 2.8010344090 270.88001242
 3130.0000000 286311.04454 7399770.9520 -2925.234271 2937.2342709 -416.9554590 2.9519506004 271.72307023 73.619999931 2.8412239913 270.89002219
 3141.0000000 286300.48187 7399771.1114 -2928.306856 2940.3068562 -427.5181332 3.1114272662 271.67305192 73.940001124 0.8825051116 270.84000387
 3168.0000000 286274.53385 7399771.4715 -2935.776241 2947.7762407 -453.4661512 3.4714916851 271.58305558 73.940001124 0.0960933445 270.75000753
 3198.0000000 286245.70289 7399771.7608 -2944.080612 2956.0806119 -482.2971122 3.7608458567 271.23304946 73.919995500 0.3369237721 270.40000142
 3221.0000000 286223.60236 7399771.9055 -2950.460777 2962.4607773 -504.3976362 3.9055000674 271.18306167 73.870005345 0.0904197588 270.35001363
 3257.0000000 286189.00751 7399772.1138 -2960.438067 2972.4380674 -538.9924927 4.1138169542 271.17305190 73.949993691 0.0671370630 270.34000386
 3286.0000000 286161.13265 7399772.3887 -2968.448616 2980.4486162 -566.8673489 4.3887165990 271.62306412 73.980005542 0.4484933696 270.79001608
 3315.0000000 286133.26882 7399772.7729 -2976.493169 2988.4931695 -594.7311795 4.7729387414 271.62306412 73.809995303 0.1758726607 270.79001608
 3344.0000000 286105.40449 7399773.1182 -2984.537728 2996.5377275 -622.5955133 5.1182376910 271.46306046 73.980005542 0.2371079243 270.63001241
 3374.0000000 286076.57061 7399773.4127 -2992.832012 3004.8320117 -651.4293937 5.4126582853 271.37306412 73.919995500 0.1052684171 270.54001607
 3402.0000000 286049.66355 7399773.6710 -3000.589779 3012.5897793 -678.3364519 5.6709610596 271.39305313 73.910002933 0.0231968668 270.56000509
 3432.0000000 286020.83455 7399773.9477 -3008.901673 3020.9016731 -707.1654471 5.9477141099 271.37306412 73.919995500 0.0216504090 270.54001607
 3461.0000000 285992.96903 7399774.1812 -3016.946232 3028.9462318 -735.0309727 6.1811788082 271.25306900 73.870005345 0.1299907107 270.42002095
 3489.0000000 285966.05795 7399774.3620 -3024.692256 3036.6922560 -761.9420503 6.3620142015 271.18306167 74.010003733 0.1664183721 270.35001363
 3518.0000000 285938.17777 7399774.4983 -3032.688173 3044.6881733 -789.8222284 6.4982700907 271.04304702 73.980005542 0.1426448080 270.20999897
 3547.0000000 285910.30161 7399774.5956 -3040.698684 3052.6986842 -817.6983896 6.5955801290 271.02305800 73.949993691 0.0368628089 270.19000996
 3576.0000000 285882.42742 7399774.6369 -3048.716503 3060.7165027 -845.5725774 6.6369402260 270.81306654 73.949993691 0.2087649774 269.98001850
 3605.0000000 285854.55814 7399774.6783 -3056.751343 3068.7513428 -873.4418640 6.6782840602 271.02305800 73.879997912 0.2209312145 270.19000996
 3634.0000000 285826.68927 7399774.8364 -3064.786188 3076.7861883 -901.3107253 6.8363815695 271.29304702 73.949993691 0.2779619166 270.45999898
 3662.0000000 285799.78276 7399775.0829 -3072.546306 3084.5463059 -928.2172434 7.0829278091 271.42305191 73.870005345 0.1589229025 270.59000387
 3691.0000000 285771.92077 7399775.3942 -3080.600589 3092.6005885 -956.0792339 7.3941671960 271.52305802 73.879997912 0.0999206331 270.69000997
 3696.0000000 285767.11690 7399775.4520 -3081.988839 3093.9888388 -960.8830989 7.4520228636 271.52305802 73.879997912 0.0000000000 270.69000997
