# WELL TRACE FROM PETREL 
# WELL NAME:              9-PPT-44D-RJS
# DEFINITIVE SURVEY:      Explicit survey 1
# WELL HEAD X-COORDINATE: 286958.75000000 (m)
# WELL HEAD Y-COORDINATE: 7398155.52000000 (m)
# WELL DATUM (KB, Kelly bushing, from MSL): 17.00000000 (m)
# WELL TYPE:              OIL
# MD AND TVD ARE REFERENCED (=0) AT WELL DATUM AND INCREASE DOWNWARDS
# ANGLES ARE GIVEN IN DEGREES
# XYZ TRACE IS GIVEN IN COORDINATE SYSTEM BRAZIL SIRGAS 2000 (WGS84) UTM24S CM 39W (Brazil SIRGAS 2000 (WGS84) UTM24S Lon range 42W - 36W) [Chevron,720787]
# AZIM_TN: azimuth in True North 
# AZIM_GN: azimuth in Grid North 
# DX DY ARE GIVEN IN GRID NORTH IN m-UNITS
# DEPTH (Z, tvd_z) GIVEN IN m-UNITS
#===============================================================================================================================================
      MD            X            Y            Z           TVD           DX          DY        AZIM_TN        INCL         DLS        AZIM_GN
#===============================================================================================================================================
 0.0000000000 286958.75000 7398155.5200 17.000000000 0.0000000000 0.0000000051 -0.000000003 0.8327252458 0.0000000000 0.0000000000 0.0000000000
 1107.0000000 286958.75000 7398155.5200 -1090.000000 1107.0000000 0.0000000051 -0.000000003 0.8327252458 0.0000000000 0.0000000000 0.0000000000
 1142.0000000 286958.52438 7398155.4112 -1124.998805 1141.9988052 -0.225616541 -0.108824505 245.08272525 0.8200000000 0.7028571429 244.25000000
 1200.0000000 286957.80072 7398155.0169 -1182.992947 1199.9929472 -0.949284054 -0.503094190 239.38272525 0.8100000000 0.0422359782 238.55000000
 1230.0000000 286957.43109 7398154.7786 -1212.989723 1229.9897229 -1.318905960 -0.741361260 236.76272525 0.8700000000 0.0712262363 235.93000000
 1259.0000000 286957.08626 7398154.5344 -1241.986643 1258.9866426 -1.663740980 -0.985614880 234.17272525 0.8000000000 0.0822518969 233.34000000
 1288.0000000 286956.87420 7398154.3742 -1270.985314 1287.9853140 -1.875798861 -1.145774152 232.48272525 0.2500000000 0.5691291182 231.65000000
 1316.0000000 286956.81652 7398154.3360 -1298.985211 1315.9852114 -1.933481898 -1.184030115 268.79272525 0.0400000000 0.2346978839 267.96000000
 1345.0000000 286956.79644 7398154.3374 -1327.985204 1344.9852044 -1.953562972 -1.182588924 281.08272525 0.0400000000 0.0088588950 280.25000000
 1374.0000000 286956.79399 7398154.3403 -1356.985202 1373.9852024 -1.956009404 -1.179709536 82.672725246 0.0300000000 0.0715004232 81.840000000
 1429.0000000 286956.79629 7398154.3273 -1411.985198 1428.9851979 -1.953707271 -1.192692861 219.33272525 0.0400000000 0.0355404764 218.50000000
 1484.0000000 286956.79630 7398154.3385 -1466.985190 1483.9851898 -1.953702667 -1.181517318 25.362725246 0.0600000000 0.0541568708 24.530000000
 1573.0000000 286956.77891 7398154.3522 -1555.985172 1572.9851717 -1.971094987 -1.167791547 232.86272525 0.0600000000 0.0392902406 232.03000000
 1659.0000000 286956.72105 7398154.3273 -1641.985147 1658.9851465 -2.028947518 -1.192740437 277.87272525 0.0300000000 0.0154234172 277.04000000
 1717.0000000 286956.66048 7398154.3268 -1699.985112 1716.9851122 -2.089521477 -1.193192084 267.92272525 0.0900000000 0.0313826242 267.09000000
 1774.0000000 286956.60206 7398154.3305 -1756.985079 1773.9850791 -2.147941238 -1.189549720 294.18272525 0.0300000000 0.0339353466 293.35000000
 1832.0000000 286956.58731 7398154.3516 -1814.985073 1831.9850727 -2.162687013 -1.168364905 357.80272525 0.0300000000 0.0163584032 356.97000000
 1890.0000000 286956.55783 7398154.3460 -1872.985059 1889.9850590 -2.192165263 -1.174018006 234.85272525 0.0700000000 0.0465069005 234.02000000
 1948.0000000 286956.52916 7398154.3252 -1930.985045 1947.9850445 -2.220840756 -1.194836682 337.00272525 0.0000000000 0.0362068966 336.17000000
 2005.0000000 286956.54407 7398154.3258 -1987.985042 2004.9850419 -2.205930456 -1.194175254 88.292725246 0.0300000000 0.0157894737 87.460000000
 2060.0000000 286956.53948 7398154.3294 -2042.985038 2059.9850382 -2.210522571 -1.190622630 279.56272525 0.0400000000 0.0380010830 278.73000000
 2099.0000000 286956.51585 7398154.3306 -2081.985031 2098.9850310 -2.234154465 -1.189435419 265.89272525 0.0300000000 0.0099699194 265.06000000
 2131.0000000 286956.63187 7398154.3993 -2113.984630 2130.9846296 -2.118126140 -1.120730890 61.662725246 0.5100000000 0.5039045493 60.830000000
 2159.0000000 286956.98593 7398154.6070 -2141.981466 2158.9814661 -1.764066224 -0.912982899 59.892725246 1.1700000000 0.7076048592 59.060000000
 2186.0000000 286957.43508 7398154.8842 -2168.976305 2185.9763050 -1.314921366 -0.635797542 58.342725246 1.0700000000 0.1160886336 57.510000000
 2213.0000000 286958.13116 7398155.1003 -2195.965998 2212.9659978 -0.618840887 -0.419723044 81.362725246 2.0800000000 1.3026465182 80.530000000
 2233.0000000 286959.12470 7398155.0818 -2215.940502 2232.9405018 0.3747002075 -0.438241199 97.852725246 3.6700000000 2.6645903745 97.020000000
 2245.0000000 286959.96957 7398154.9589 -2227.909996 2244.9099957 1.2195671763 -0.561108187 100.13272525 4.4900000000 2.0893281199 99.300000000
 2260.0000000 286961.27839 7398154.6935 -2242.850131 2259.8501314 2.5283936396 -0.826527162 103.99272525 5.7300000000 2.5721751907 103.16000000
 2273.0000000 286962.63716 7398154.3579 -2255.774457 2272.7744570 3.8871630226 -1.162115118 105.32272525 6.6300000000 2.1029024456 104.49000000
 2300.0000000 286965.89863 7398153.4388 -2282.560562 2299.5605622 7.1486268553 -2.081171075 107.63272525 7.7900000000 1.3282780308 106.80000000
 2319.0000000 286968.70954 7398152.5152 -2301.327476 2318.3274756 9.9595407267 -3.004773486 110.09272525 10.130000000 3.7430997424 109.26000000
 2330.0000000 286970.65277 7398151.8591 -2312.134414 2329.1344138 11.902765151 -3.660922167 108.95272525 11.360000000 3.4040967851 108.12000000
 2346.0000000 286973.86999 7398150.8544 -2327.774954 2344.7749540 15.119986691 -4.665605338 107.49272525 12.960000000 3.0546802184 106.66000000
 2359.0000000 286976.79602 7398149.9875 -2340.411539 2357.4115385 18.046019488 -5.532520738 107.19272525 14.190000000 2.8430997084 106.36000000
 2374.0000000 286980.62554 7398148.9806 -2354.878523 2371.8785228 21.875540905 -6.539421981 104.15272525 16.430000000 4.7574770666 103.32000000
 2388.0000000 286984.66330 7398148.1552 -2368.257839 2385.2578392 25.913299320 -7.364807183 100.75272525 17.820000000 3.6695703528 99.920000000
 2405.0000000 286990.07266 7398147.3827 -2384.354953 2401.3549529 31.322661112 -8.137349762 97.332725246 19.690000000 3.8269350336 96.500000000
 2419.0000000 286995.00145 7398146.9326 -2397.450301 2414.4503013 36.251445351 -8.587428079 94.882725246 21.720000000 4.7285816513 94.050000000
 2432.0000000 286999.98850 7398146.6782 -2409.452658 2426.4526580 41.238501092 -8.841824958 92.702725246 23.460000000 4.4555793900 91.870000000
 2448.0000000 287006.56267 7398146.5269 -2424.038721 2441.0387214 47.812665534 -8.993116876 91.632725246 25.070000000 3.1292016823 90.800000000
 2464.0000000 287013.57080 7398146.5029 -2438.421983 2455.4219829 54.820801841 -9.017094245 90.462725246 26.880000000 3.5269865149 89.630000000
 2476.0000000 287019.11569 7398146.5758 -2449.063989 2466.0639892 60.365693514 -8.944213105 89.712725246 28.160000000 3.3151460768 88.880000000
 2491.0000000 287026.39953 7398146.8058 -2462.174622 2479.1746221 67.649530176 -8.714158183 88.372725246 29.970000000 3.8468038382 87.540000000
 2504.0000000 287033.04183 7398147.1168 -2473.345405 2490.3454050 74.291833796 -8.403240707 87.942725246 31.550000000 3.6812834302 87.110000000
 2520.0000000 287041.67865 7398147.6863 -2486.801337 2503.8013374 82.928646034 -7.833695075 86.232725246 33.950000000 4.8223127537 85.400000000
 2533.0000000 287049.06562 7398148.3350 -2497.479204 2514.4792037 90.315620054 -7.185014462 85.412725246 35.600000000 3.9576239732 84.580000000
 2550.0000000 287059.16684 7398149.2916 -2511.119272 2528.1192723 100.41684333 -6.228432013 85.432725246 37.680000000 3.6706486253 84.600000000
 2561.0000000 287065.95431 7398149.9174 -2519.753442 2536.7534421 107.20431024 -5.602569630 85.692725246 38.890000000 3.3291098544 84.860000000
 2575.0000000 287074.84926 7398150.7470 -2530.533319 2547.5333186 116.09925601 -4.773034759 85.322725246 40.400000000 3.2750064270 84.490000000
 2589.0000000 287084.01672 7398151.5593 -2541.083840 2558.0838401 125.26672098 -3.960685037 86.202725246 41.790000000 3.2261204379 85.370000000
 2605.0000000 287094.83290 7398152.4256 -2552.842933 2569.8429328 136.08289555 -3.094398631 86.302725246 43.600000000 3.3961299000 85.470000000
 2617.0000000 287103.17155 7398153.0974 -2561.447170 2578.4471705 144.42154557 -2.422637882 86.152725246 44.780000000 2.9615561153 85.320000000
 2634.0000000 287115.30989 7398154.1225 -2573.305849 2590.3058488 156.55989374 -1.397500386 85.862725246 46.750000000 3.4957466591 85.030000000
 2647.0000000 287124.84786 7398154.9570 -2582.100857 2599.1008571 166.09786394 -0.562981603 85.802725246 48.100000000 3.1170524307 84.970000000
 2677.0000000 287147.62794 7398157.0092 -2601.512102 2618.5121022 188.87793977 1.4891969152 85.572725246 51.250000000 3.1548728488 84.740000000
 2689.0000000 287157.03121 7398157.9367 -2608.910650 2625.9106503 198.28121313 2.4167410545 84.832725246 52.620000000 3.7218002569 84.000000000
 2705.0000000 287169.81910 7398159.2318 -2618.440982 2635.4409820 211.06910178 3.7117903363 85.262725246 54.260000000 3.1424422484 84.430000000
 2719.0000000 287181.23160 7398160.3681 -2626.471840 2643.4718398 222.48160181 4.8480993854 85.032725246 55.730000000 3.1757600251 84.200000000
 2733.0000000 287192.82287 7398161.6290 -2634.223315 2651.2233147 234.07287180 6.1089627845 84.222725246 57.030000000 3.1383279387 83.390000000
 2748.0000000 287205.43677 7398163.1177 -2642.205115 2659.2051150 246.68676795 7.5976916999 83.982725246 58.670000000 3.3050768248 83.150000000
 2763.0000000 287218.24178 7398164.6434 -2649.869873 2666.8698726 259.49178482 9.1233860105 84.092725246 59.870000000 2.4074383462 83.260000000
 2777.0000000 287230.35555 7398166.0060 -2656.757323 2673.7573235 271.60555481 10.485998271 84.732725246 61.190000000 3.0702259391 83.900000000
 2791.0000000 287242.64078 7398167.3681 -2663.334058 2680.3340578 283.89077864 11.848083274 84.282725246 62.770000000 3.4910760074 83.450000000
 2805.0000000 287255.10863 7398168.7741 -2669.547767 2686.5477671 296.35863404 13.254096215 84.512725246 64.530000000 3.7971964180 83.680000000
 2820.0000000 287268.68373 7398170.2051 -2675.769110 2692.7691098 309.93373324 14.685134929 85.112725246 66.460000000 4.0114439746 84.280000000
 2835.0000000 287282.43670 7398171.6827 -2681.575721 2698.5757212 323.68670144 16.162743879 84.292725246 67.990000000 3.4131996420 83.460000000
 2849.0000000 287295.33808 7398173.1492 -2686.815683 2703.8156833 336.58808440 17.629245660 84.402725246 68.050000000 0.2535909772 83.570000000
 2877.0000000 287321.15510 7398176.0862 -2697.259343 2714.2593431 362.40510305 20.566166036 84.282725246 68.150000000 0.1603448194 83.450000000
 2905.0000000 287346.99033 7398178.9749 -2707.671280 2724.6712795 388.24033486 23.454906402 84.622725246 68.190000000 0.3408680969 83.790000000
 2934.0000000 287373.76780 7398181.8224 -2718.445665 2735.4456646 415.01780353 26.302408727 84.902725246 68.190000000 0.2689219070 84.070000000
 2962.0000000 287399.64083 7398184.3866 -2728.848568 2745.8485676 440.89082988 28.866634814 85.442725246 68.190000000 0.5371575880 84.610000000
 2979.0000000 287415.36349 7398185.7291 -2735.178490 2752.1784898 456.61349363 30.209061051 86.462725246 68.090000000 1.6798650599 85.630000000
 2991.0000000 287426.46565 7398186.5307 -2739.666022 2756.6660223 467.71564755 31.010731150 86.942725246 67.990000000 1.1406669177 86.110000000
 3008.0000000 287442.20134 7398187.4918 -2746.033045 2763.0330455 483.45134185 31.971774979 87.732725246 68.020000000 1.2937311501 86.900000000
 3020.0000000 287453.31420 7398188.0713 -2750.528330 2767.5283297 494.56419901 32.551259113 87.962725246 67.980000000 0.5424281427 87.130000000
 3049.0000000 287480.17056 7398189.4106 -2761.398960 2778.3989601 521.42055781 33.890592372 87.992725246 67.990000000 0.0305748583 87.160000000
 3079.0000000 287507.95125 7398190.7717 -2772.651722 2789.6517215 549.20124807 35.251722261 88.062725246 67.950000000 0.0762272850 87.230000000
 3107.0000000 287533.87867 7398192.0103 -2783.161094 2800.1610938 575.12867426 36.490297015 88.132725246 67.960000000 0.0703375263 87.300000000
 3135.0000000 287559.81723 7398193.2267 -2793.645546 2810.6455461 601.06723326 37.706715209 88.162725246 68.060000000 0.1112110431 87.330000000
 3154.0000000 287577.41822 7398193.9860 -2800.767706 2817.7677059 618.66821640 38.465986559 88.562725246 67.910000000 0.6316142414 87.730000000
 3184.0000000 287605.20773 7398195.1289 -2812.022899 2829.0228985 646.45772933 39.608859103 88.392725246 68.020000000 0.1921774568 87.560000000
 3213.0000000 287632.07530 7398196.2878 -2822.886490 2839.8864904 673.32530125 40.767820616 88.332725246 67.980000000 0.0708814075 87.500000000
 3228.0000000 287645.96831 7398196.9005 -2828.514084 2845.5140842 687.21830592 41.380472282 88.282725246 67.950000000 0.1104194391 87.450000000
 3239.0000000 287656.15445 7398197.3123 -2832.649902 2849.6499024 697.40444688 41.792269157 88.752725246 67.880000000 1.2030114020 87.920000000
 3269.0000000 287683.93576 7398198.5861 -2843.910232 2860.9102316 725.18575780 43.066092376 87.662725246 68.030000000 1.0213813524 86.830000000
 3299.0000000 287711.71747 7398200.3852 -2855.097713 2872.0977127 752.96746706 44.865220072 86.592725246 68.180000000 1.0040846427 85.760000000
 3327.0000000 287737.64604 7398202.1938 -2865.521020 2882.5210195 778.89604112 46.673796702 87.092725246 68.110000000 0.5028363823 86.260000000
 3356.0000000 287764.50022 7398204.0858 -2876.314259 2893.3142586 805.75021875 48.565785287 86.512725246 68.190000000 0.5630121082 85.680000000
 3385.0000000 287791.35808 7398206.0722 -2887.081584 2904.0815836 832.60808376 50.552231241 86.692725246 68.220000000 0.1756597103 85.860000000
 3414.0000000 287818.22596 7398207.8451 -2897.860774 2914.8607739 859.47595844 52.325059549 87.422725246 68.140000000 0.7059359882 86.590000000
 3442.0000000 287844.16333 7398209.4224 -2908.299901 2925.2999014 885.41332728 53.902355487 87.282725246 68.080000000 0.1533139563 86.450000000
 3471.0000000 287871.01737 7398211.1495 -2919.121259 2936.1212591 912.26737185 55.629512351 87.022725246 68.100000000 0.2503946514 86.190000000
 3500.0000000 287897.87981 7398212.7854 -2929.935656 2946.9356565 939.12980866 57.265417226 87.672725246 68.110000000 0.6239970685 86.840000000
 3524.0000000 287920.10658 7398214.0534 -2938.908742 2955.9087416 961.35658447 58.533357343 87.462725246 67.980000000 0.2927121376 86.630000000
 3559.0000000 287952.44292 7398215.9094 -2952.184014 2969.1840144 993.69291866 60.389447808 87.632725246 67.440000000 0.4820939322 86.800000000
 3588.0000000 287979.23644 7398217.5179 -2963.171855 2980.1718551 1020.4864356 61.997925449 87.162725246 68.030000000 0.7582732525 86.330000000
 3601.0000000 287991.26953 7398218.2623 -2968.039644 2985.0396441 1032.5195300 62.742333405 87.422725246 67.990000000 0.5639551575 86.590000000
 3617.0000000 288006.06648 7398219.3269 -2974.037493 2991.0374933 1047.3164810 63.806874437 86.012725246 67.980000000 2.4510459767 85.180000000
 3632.0000000 288019.91365 7398220.5493 -2979.678455 2996.6784550 1061.1636517 65.029272525 85.562725246 67.840000000 0.8796853501 84.730000000
 3645.0000000 288031.86982 7398221.7635 -2984.639813 3001.6398129 1073.1198184 66.243510036 84.502725246 67.290000000 2.5928828364 83.670000000
 3659.0000000 288044.65847 7398223.2882 -2990.132594 3007.1325943 1085.9084653 67.768150359 83.562725246 66.510000000 2.4952726557 82.730000000
 3675.0000000 288059.16302 7398225.2515 -2996.599604 3013.5996038 1100.4130160 69.731508868 82.682725246 65.810000000 2.0000859186 81.850000000
 3687.0000000 288069.96432 7398226.8080 -3001.593981 3018.5939806 1111.2143166 71.287964845 82.582725246 65.000000000 2.0377186063 81.750000000
 3701.0000000 288082.47493 7398228.6564 -3007.603445 3024.6034448 1123.7249272 73.136361320 82.272725246 64.160000000 1.8973552385 81.440000000
 3732.0000000 288109.72700 7398233.4826 -3021.568072 3038.5680716 1150.9769991 77.962596316 79.282725246 62.300000000 3.1484493589 78.450000000
 3775.0000000 288146.35510 7398241.9027 -3042.455541 3059.4555406 1187.6050967 86.382710461 76.452725246 59.580000000 2.5648679232 75.620000000
 3815.0000000 288179.30472 7398251.5825 -3062.961208 3079.9612081 1220.5547206 96.062459787 72.452725246 58.760000000 2.6482909660 71.620000000
 3830.0000000 288191.36183 7398255.8063 -3070.823673 3087.8236725 1232.6118291 100.28628132 70.592725246 58.020000000 3.4966577815 69.760000000
 3844.0000000 288202.43681 7398259.9908 -3078.298491 3095.2984912 1243.6868064 104.47083494 69.672725246 57.440000000 2.0792456882 68.840000000
 3860.0000000 288214.89832 7398265.0363 -3086.975662 3103.9756623 1256.1483231 109.51628806 67.902725246 56.880000000 2.9794650561 67.070000000
 3873.0000000 288224.82242 7398269.4376 -3094.128595 3111.1285948 1266.0724208 113.91756731 65.922725246 56.360000000 3.9996621894 65.090000000
 3889.0000000 288236.76099 7398275.2156 -3103.079618 3120.0796183 1278.0109895 119.69555638 64.082725246 55.610000000 3.1866566797 63.250000000
 3900.0000000 288244.78598 7398279.4025 -3109.331689 3126.3316888 1286.0359804 123.88246785 62.472725246 55.120000000 3.8519698247 61.640000000
 3917.0000000 288256.94824 7398286.0881 -3119.151683 3136.1516827 1298.1982419 130.56810864 61.592725246 54.310000000 1.9105165143 60.760000000
 3929.0000000 288265.37890 7398290.9278 -3126.189163 3143.1891629 1306.6289047 135.40778865 60.352725246 53.880000000 2.7313800204 59.520000000
 3946.0000000 288277.09079 7398298.0314 -3136.259726 3153.2597259 1318.3407940 142.51137024 58.832725246 53.470000000 2.2789604563 58.000000000
 3959.0000000 288285.84415 7398303.7222 -3144.006632 3161.0066321 1327.0941455 148.20224150 56.772725246 53.380000000 3.8232784811 55.940000000
 3979.0000000 288298.82224 7398313.0542 -3156.026905 3173.0269055 1340.0722406 157.53415676 53.442725246 52.750000000 4.1026531680 52.610000000
 3998.0000000 288310.62975 7398322.2955 -3167.698400 3184.6984002 1351.8797532 166.77549505 52.112725246 51.450000000 2.6379576712 51.280000000
 4017.0000000 288322.01020 7398331.6564 -3179.694269 3196.6942691 1363.2601966 176.13639923 50.662725246 50.250000000 2.5965236740 49.830000000
 4031.0000000 288330.17900 7398338.5184 -3188.761270 3205.7612696 1371.4289960 182.99842510 50.942725246 49.020000000 2.6750625920 50.110000000
 4046.0000000 288338.82985 7398345.6456 -3198.730790 3215.7307901 1380.0798549 190.12564747 51.762725246 47.670000000 2.9649991569 50.930000000
 4061.0000000 288347.36550 7398352.5335 -3208.964363 3225.9643630 1388.6154967 197.01349768 52.102725246 46.290000000 2.8044113776 51.270000000
 4075.0000000 288355.20844 7398358.7407 -3218.761223 3235.7612230 1396.4584363 203.22069759 52.852725246 44.890000000 3.2121310604 52.020000000
 4104.0000000 288370.92213 7398370.9787 -3239.838129 3256.8381293 1412.1721341 215.45871825 52.992725246 41.860000000 3.1360588410 52.160000000
 4124.0000000 288381.25276 7398378.9781 -3254.980568 3271.9805681 1422.5027606 223.45808938 53.172725246 39.710000000 3.2298162510 52.340000000
 4138.0000000 288388.33487 7398384.4439 -3265.750601 3282.7506009 1429.5848701 228.92385869 53.172725246 39.710000000 0.0000000000 52.340000000
