# WELL TRACE FROM PETREL 
# WELL NAME:              9-PPT-36D-RJS
# DEFINITIVE SURVEY:      Explicit survey 1
# WELL HEAD X-COORDINATE: 286684.10000000 (m)
# WELL HEAD Y-COORDINATE: 7398071.10000000 (m)
# WELL DATUM (KB, Kelly bushing, from MSL): 17.00000000 (m)
# WELL TYPE:              OIL
# MD AND TVD ARE REFERENCED (=0) AT WELL DATUM AND INCREASE DOWNWARDS
# ANGLES ARE GIVEN IN DEGREES
# XYZ TRACE IS GIVEN IN COORDINATE SYSTEM BRAZIL SIRGAS 2000 (WGS84) UTM24S CM 39W (Brazil SIRGAS 2000 (WGS84) UTM24S Lon range 42W - 36W) [Chevron,720787]
# AZIM_TN: azimuth in True North 
# AZIM_GN: azimuth in Grid North 
# DX DY ARE GIVEN IN GRID NORTH IN m-UNITS
# DEPTH (Z, tvd_z) GIVEN IN m-UNITS
#===============================================================================================================================================
      MD            X            Y            Z           TVD           DX          DY        AZIM_TN        INCL         DLS        AZIM_GN
#===============================================================================================================================================
 0.0000000000 286684.10000 7398071.1000 17.000000000 0.0000000000 0.0000000027 0.0000000037 0.8338281271 0.0000000000 0.0000000000 0.0000000000
 1126.0000000 286684.10000 7398071.1000 -1109.000000 1126.0000000 0.0000000027 0.0000000037 0.8338281271 0.0000000000 0.0000000000 0.0000000000
 1137.0000000 286684.11476 7398071.1258 -1119.999946 1136.9999463 0.0147641943 0.0258424487 30.573828726 0.3100000083 0.8454545680 29.740000599
 1154.0000000 286684.20691 7398071.2116 -1136.999459 1153.9994590 0.1069091769 0.1115807546 57.383828938 0.5600000063 0.5575490679 56.550000811
 1168.0000000 286684.30793 7398071.2516 -1150.999020 1167.9990204 0.2079306375 0.1516159289 87.813833904 0.3600000079 0.6623485390 86.980005777
 1215.0000000 286684.74143 7398071.2848 -1197.996941 1214.9969411 0.6414272413 0.1847722251 85.763830796 0.6999999946 0.2173238331 84.930002669
 1243.0000000 286685.13909 7398071.3004 -1225.994093 1242.9940931 1.0390924225 0.2004054263 90.703833375 0.9300000515 0.2574464593 89.870005247
 1273.0000000 286685.74301 7398071.3264 -1255.987925 1272.9879252 1.6430062036 0.2264131270 86.793829604 1.3800000213 0.4565892131 85.960001477
 1298.0000000 286686.34284 7398071.4077 -1280.980588 1297.9805884 2.2428361072 0.3076869305 79.493833978 1.3999999892 0.2137001447 78.660005851
 1326.0000000 286687.00537 7398071.5462 -1308.972408 1325.9724083 2.9053677126 0.4462159015 78.543829374 1.3699999841 0.0404764938 77.710001247
 1362.0000000 286687.83596 7398071.7580 -1344.962201 1361.9622010 3.7359579661 0.6580476854 74.493833839 1.3600000535 0.0808109919 73.660005712
 1389.0000000 286688.49483 7398072.0091 -1371.952954 1388.9529536 4.3948327900 0.9090684187 66.233831473 1.6399999233 0.3923094119 65.400003346
 1413.0000000 286689.17952 7398072.3572 -1395.940611 1412.9406109 5.0795248995 1.2571968092 61.983831355 2.0299998829 0.5159989630 61.150003228
 1444.0000000 286690.20201 7398072.9394 -1426.918247 1443.9182471 6.1020054151 1.8393528685 60.473829176 2.3199998967 0.2860481389 59.640001049
 1472.0000000 286691.18019 7398073.5123 -1454.895296 1471.8952962 7.0801854777 2.4123300780 60.473829176 2.3199998967 0.0000000000 59.640001049
 1502.0000000 286692.40916 7398074.2617 -1484.860472 1501.8604718 8.3091565529 3.1616649944 58.723829128 3.1800001141 0.8639891100 57.890001001
 1530.0000000 286693.80415 7398075.1628 -1512.811123 1529.8111232 9.7041494224 4.0627649752 57.313829241 3.6199998332 0.4798311189 56.480001114
 1561.0000000 286695.43997 7398076.3491 -1543.745155 1560.7451546 11.339974070 5.2491029799 52.603830025 3.8599998740 0.3770958923 51.770001898
 1588.0000000 286696.96529 7398077.4304 -1570.680289 1587.6802891 12.865292364 6.3304328332 58.233831250 4.0900000910 0.5030379766 57.400003123
 1615.0000000 286698.47295 7398078.4288 -1597.619599 1614.6195991 14.372947782 7.3287674747 56.283830433 3.5899999348 0.5741131059 55.450002306
 1635.0000000 286699.42583 7398078.9863 -1617.588869 1634.5888688 15.325829691 7.8862660620 65.993833602 2.7600000427 1.4792396436 65.160005475
 1653.0000000 286700.22299 7398079.3301 -1635.567923 1652.5679226 16.122989780 8.2301098909 69.003828193 2.7699998665 0.2425468049 68.170000066
 1676.0000000 286701.21875 7398079.7971 -1658.541590 1675.5415901 17.118750321 8.6970818518 62.353830297 2.7200001070 0.4202434383 61.520002170
 1704.0000000 286702.36450 7398080.3719 -1686.512218 1703.5122179 18.264498276 9.2719284836 66.163831776 2.5300000391 0.2762895519 65.330003649
 1734.0000000 286703.46448 7398080.8408 -1716.488288 1733.4882876 19.364476432 9.7407747973 69.713827297 2.0399999202 0.5098008461 68.879999170
 1764.0000000 286704.42122 7398081.2190 -1746.470639 1763.4706386 20.321216639 10.119035520 68.773832459 1.8900000014 0.1534187337 67.940004332
 1794.0000000 286705.37808 7398081.6178 -1776.452716 1793.4527158 21.278083365 10.517821426 67.693830598 2.0699998185 0.1838189554 66.860002471
 1822.0000000 286706.22779 7398082.0034 -1804.437129 1821.4371291 22.127789574 10.903426126 64.923826248 1.7500000131 0.3567422859 64.089998121
 1851.0000000 286706.94602 7398082.2842 -1833.426777 1850.4267769 22.846017212 11.184212282 75.573828071 1.3099999738 0.5400762887 74.739999944
 1880.0000000 286707.41178 7398082.3396 -1862.422729 1879.4227292 23.311780990 11.239613372 103.15383067 0.5899999581 0.8618201543 102.32000254
 1907.0000000 286707.56848 7398082.2229 -1889.421920 1906.4219204 23.468475120 11.122860344 167.36383154 0.3800000024 0.6059465310 166.53000341
 1937.0000000 286707.62955 7398081.9361 -1919.420438 1936.4204384 23.529551953 10.836082528 169.55383404 0.7399999836 0.3605700376 168.72000592
 1964.0000000 286707.61849 7398081.5458 -1946.417563 1963.4175631 23.518494308 10.445807109 192.47383285 0.9500000193 0.4375814113 191.64000472
 1994.0000000 286707.45580 7398080.8987 -1976.409980 1993.4099802 23.355798915 9.7986763511 196.41383540 1.5999999876 0.6555026638 195.58000727
 2023.0000000 286707.07184 7398080.1205 -2005.396840 2022.3968402 22.971839782 9.0205165939 216.17383046 1.8799999641 0.6803521782 215.34000233
 2053.0000000 286706.40508 7398079.4300 -2035.381361 2052.3813613 22.305083977 8.3299707491 233.72383400 1.8299999912 0.5680346680 232.89000587
 2081.0000000 286705.59729 7398079.0617 -2063.367060 2080.3670604 21.497290855 7.9617210664 258.52383774 1.8900000014 0.8580307274 257.69000961
 2105.0000000 286704.90789 7398078.9337 -2087.356758 2104.3567578 20.807891068 7.8336601537 262.62384396 1.4599999994 0.5576455806 261.79001583
 2137.0000000 286703.91802 7398079.0046 -2119.341013 2136.3410134 19.818017056 7.9045583997 283.25384941 2.1500001167 0.8787290096 282.42002129
 2166.0000000 286702.73851 7398078.9056 -2148.316139 2165.3161391 18.638508952 7.8055934282 252.40384245 2.7000000324 1.4424519713 251.57001432
 2198.0000000 286701.37400 7398078.0867 -2180.275924 2197.2759244 17.273998908 6.9867068641 229.03383143 3.1199998905 1.1699746086 228.20000330
 2228.0000000 286700.29157 7398076.8741 -2210.231686 2227.2316865 16.191565974 5.7741425224 216.16383595 3.1300001412 0.7002022031 215.33000782
 2259.0000000 286699.47791 7398075.4251 -2241.186951 2258.1869508 15.377912023 4.3250657143 203.97383317 3.0499998430 0.6393561286 203.14000504
 2281.0000000 286699.02486 7398074.3414 -2263.155584 2280.1555840 14.924862328 3.2414067900 203.07383925 3.0699999175 0.0709625615 202.24001112
 2311.0000000 286698.39965 7398072.8669 -2293.112814 2310.1128140 14.299652995 1.7669029571 204.55383502 3.0499998430 0.0814943465 203.72000689
 2345.0000000 286697.70395 7398071.1779 -2327.063716 2344.0637163 13.603952827 0.0779336542 201.91383555 3.1099998532 0.1358805020 201.08000743
 2372.0000000 286697.16097 7398069.8454 -2354.025350 2371.0253503 13.060968265 -1.254600694 204.13383684 3.0000000835 0.1794775157 203.30000871
 2401.0000000 286696.51510 7398068.3414 -2382.979057 2399.9790571 12.415098888 -2.758552497 204.02383622 3.4699999144 0.4862489023 203.19000810
 2417.0000000 286696.01716 7398067.2347 -2398.932346 2415.9323456 11.917158573 -3.865296539 205.74383749 5.2300000715 3.3086838594 204.91000936
 2431.0000000 286695.38274 7398065.9267 -2412.856305 2429.8563048 11.282744900 -5.173273388 207.46383876 6.6899999642 3.1515423734 206.63001063
 2448.0000000 286694.36800 7398063.9316 -2429.707687 2446.7076868 10.268002503 -7.168351374 208.05383511 8.4399998706 3.0912351209 207.22000699
 2461.0000000 286693.43711 7398062.1132 -2442.545978 2459.5459780 9.3371121948 -8.986837368 207.84382839 9.6400000747 2.7702733995 207.01000027
 2477.0000000 286692.12029 7398059.5483 -2458.283693 2475.2836925 8.0202894368 -11.55174677 208.15384122 11.119999615 2.7769648426 207.32001309
 2489.0000000 286690.99971 7398057.3785 -2470.032435 2487.0324352 6.8997095395 -13.72146045 208.14383145 12.359999968 3.1000050532 207.31000333
 2504.0000000 286689.44603 7398054.3512 -2484.641065 2501.6410654 5.3460347388 -16.74881922 207.87382717 13.859999156 3.0024897429 207.03999905
 2517.0000000 286687.96336 7398051.4456 -2497.224992 2514.2249919 3.8633615035 -19.65436888 207.86383267 15.200000309 3.0923157556 207.03000454
 2533.0000000 286685.95300 7398047.4836 -2512.595250 2529.5952498 1.8530000436 -23.61643747 207.62382717 17.040000338 3.4522546487 206.78999904
 2547.0000000 286684.03613 7398043.6552 -2525.924296 2542.9242960 -0.063874939 -27.44479857 207.25383204 18.570000278 3.2875065664 206.42000391
 2561.0000000 286681.97889 7398039.4956 -2539.132650 2556.1326497 -2.121108180 -31.60435144 207.05383509 20.139999513 3.3672762485 206.22000696
 2574.0000000 286679.92465 7398035.3667 -2551.287156 2568.2871557 -4.175352856 -35.73326535 207.50383205 21.409999765 2.9538048692 206.67000392
 2591.0000000 286677.00763 7398029.5985 -2567.009957 2584.0099570 -7.092369033 -41.50148296 207.80383511 23.279999692 3.3061220998 206.97000698
 2604.0000000 286674.60147 7398024.9126 -2578.895035 2595.8950348 -9.498525268 -46.18737889 208.21383878 24.520000045 2.8870841364 207.38001065
 2621.0000000 286671.24695 7398018.4341 -2594.249844 2611.2498445 -12.85305156 -52.66588106 208.20382901 26.299998569 3.1411830003 207.37000089
 2631.0000000 286669.17596 7398014.4371 -2603.179542 2620.1795422 -14.92404153 -56.66288172 208.24383756 27.200000643 2.7005464918 207.41000943
 2649.0000000 286665.26510 7398006.9121 -2619.056427 2636.0564266 -18.83489573 -64.18791511 208.34382841 29.009999066 3.0176844528 207.51000028
 2661.0000000 286662.53029 7398001.6494 -2629.488621 2646.4886206 -21.56971285 -69.45062866 208.24383756 30.219997813 3.0275171576 207.41000943
 2678.0000000 286658.48821 7397993.8599 -2644.048451 2661.0484509 -25.61178745 -77.24014121 208.27383634 31.930000558 3.0177755308 207.44000821
 2692.0000000 286655.01367 7397987.1580 -2655.839203 2672.8392035 -29.08632907 -83.94197558 208.20382901 33.319998696 2.9796648734 207.37000089
 2708.0000000 286650.87351 7397979.1588 -2669.063267 2686.0632669 -33.22648643 -91.94115348 208.19383451 35.189998623 3.5062657187 207.36000638
 2720.0000000 286647.64350 7397972.9236 -2678.794618 2695.7946179 -36.45650419 -98.17638989 208.24383756 36.429998976 3.1008633952 207.41000943
 2738.0000000 286642.60506 7397963.2477 -2693.112596 2710.1125955 -41.49494097 -107.8523027 208.43384001 38.169996497 2.9063350977 207.60001188
 2750.0000000 286639.13160 7397956.5849 -2702.469735 2719.4697349 -44.96839757 -114.5150541 208.30383512 39.349997054 2.9570090989 207.47000699
 2764.0000000 286634.98431 7397948.5992 -2713.195705 2730.1957049 -49.11569463 -122.5007681 208.25383207 40.630001825 2.7437314101 207.42000394
 2778.0000000 286630.72926 7397940.4133 -2723.726917 2740.7269169 -53.37073998 -130.6866689 208.34382841 41.799999569 2.5103553589 207.51000028
 2794.0000000 286625.70898 7397930.8110 -2735.500292 2752.5002917 -58.39101562 -140.2890141 208.52383635 43.439999706 3.0834788780 207.69000822
 2806.0000000 286621.81998 7397923.4178 -2744.116155 2761.1161548 -62.28001883 -147.6821622 208.63383696 44.779997444 3.3554572685 207.80000883
 2820.0000000 286617.15944 7397914.5745 -2753.918996 2770.9189957 -66.94056180 -156.5254736 208.61383269 46.330003008 3.3215814450 207.78000456
 2835.0000000 286612.05209 7397904.8418 -2764.127580 2781.1275798 -72.04791069 -166.2581531 208.43384001 47.889997724 3.1311150317 207.60001188
 2848.0000000 286607.53014 7397896.1940 -2772.717579 2789.7175791 -76.56985797 -174.9059967 208.44383451 49.389999473 3.4615857775 207.61000639
 2863.0000000 286602.18249 7397885.9736 -2782.307794 2799.3077938 -81.91751383 -185.1263934 208.46383879 51.119997598 3.4601329670 207.63001066
 2878.0000000 286596.70347 7397875.4749 -2791.515399 2808.5153994 -87.39653394 -195.6250862 208.32383939 53.139998724 4.0460424323 207.49001127
 2893.0000000 286591.12296 7397864.7179 -2800.357332 2817.3573322 -92.97703675 -206.3821014 208.18384000 54.619998264 2.9686266034 207.35001187
 2907.0000000 286585.84528 7397854.4680 -2808.301860 2825.3018604 -98.25471544 -216.6320163 207.97383328 56.230000210 3.4698418928 207.14000515
 2922.0000000 286580.14500 7397843.2358 -2816.449195 2833.4491948 -103.9550012 -227.8641640 207.51382655 57.970001146 3.5646887007 206.67999843
 2934.0000000 286575.55194 7397834.0755 -2822.695809 2839.6958091 -108.5480620 -237.0244786 207.41383571 59.290003505 3.3069003204 206.58000758
 2950.0000000 286569.35916 7397821.6378 -2830.632477 2847.6324769 -114.7408447 -249.4621979 207.19383448 61.229995796 3.6550735069 206.36000635
 2964.0000000 286563.89773 7397810.5504 -2837.211378 2854.2113777 -120.2022693 -260.5495526 206.92383020 62.709995336 3.2122818708 206.09000207
 2978.0000000 286558.43647 7397799.2725 -2843.457981 2860.4579812 -125.6635265 -271.8275091 206.42383019 64.290002506 3.5188736198 205.59000206
 2992.0000000 286552.98275 7397787.8175 -2849.381148 2866.3811483 -131.1172490 -283.2824609 206.16383567 65.650002453 2.9576802953 205.33000754
 3007.0000000 286547.15083 7397775.3641 -2855.376624 2872.3766239 -136.9491662 -295.7359449 205.69383444 67.230002793 3.2753569517 204.86000631
 3025.0000000 286540.16493 7397760.1818 -2862.066785 2879.0667850 -143.9350666 -310.9181572 205.39383138 69.129997495 3.2004934349 204.56000325
 3039.0000000 286534.71502 7397748.2117 -2866.868684 2883.8686838 -149.3849832 -322.8882596 205.23382771 70.750002253 3.4863452384 204.39999958
 3054.0000000 286528.85134 7397735.2308 -2871.575868 2888.5758684 -155.2486634 -335.8691896 205.05383503 72.669995750 3.8551669397 204.22000690
 3067.0000000 286523.73946 7397723.8696 -2875.295159 2892.2951594 -160.3605440 -347.2304217 205.06382954 74.079999512 3.2539298807 204.23000141
 3081.0000000 286518.17964 7397711.5417 -2878.922016 2895.9220162 -165.9203622 -359.5583411 205.15384114 75.889999642 3.8830428032 204.32001301
 3095.0000000 286512.56867 7397699.1233 -2882.139034 2899.1390341 -171.5313338 -371.9766653 205.14383137 77.540002590 3.5357822252 204.31000324
 3106.0000000 286508.15468 7397689.3131 -2884.443886 2901.4438862 -175.9453204 -381.7868837 204.97383320 78.269992718 2.0418436052 204.14000507
 3124.0000000 286500.98504 7397673.2060 -2888.084836 2905.0848361 -183.1149555 -397.8940370 204.68383990 78.389999142 0.5138547622 203.85001178
 3153.0000000 286489.46710 7397647.2203 -2893.859064 2910.8590641 -194.6329026 -423.8797469 204.79384052 78.639997726 0.2816372271 203.96001239
 3166.0000000 286484.27406 7397635.5810 -2896.430836 2913.4308357 -199.8259377 -435.5189570 204.96383869 78.539996926 0.4484798059 204.13001056
 3182.0000000 286477.77252 7397621.3080 -2899.607080 2916.6070803 -206.3274767 -449.7919557 205.68383993 78.559995720 1.3236658723 204.85001180
 3197.0000000 286471.35602 7397608.0790 -2902.585077 2919.5850771 -212.7439751 -463.0209988 207.73382778 78.539996926 4.0185698003 206.89999965
 3210.0000000 286465.41300 7397596.8024 -2905.145922 2922.1459224 -218.6869953 -474.2976290 209.51382661 78.739998526 4.0535684229 208.67999848
 3225.0000000 286458.15873 7397583.9860 -2908.004384 2925.0043844 -225.9412711 -487.1139701 211.17383032 79.289999509 3.4397834070 210.34000219
 3240.0000000 286450.52668 7397571.3619 -2910.731652 2927.7316521 -233.5733207 -499.7381123 212.80383525 79.759998486 3.3406423594 211.97000712
 3255.0000000 286442.51485 7397558.9469 -2913.326242 2930.3262425 -241.5851482 -512.1530900 214.53383102 80.319998866 3.5871552259 213.70000289
 3269.0000000 286434.70959 7397547.5457 -2915.593612 2932.5936116 -249.3904141 -523.5542874 215.92383045 81.040003257 3.3195630298 215.09000232
 3285.0000000 286425.45418 7397534.7130 -2917.986281 2934.9862806 -258.6458242 -536.3869864 217.34382866 81.760000818 2.9585059321 216.51000053
 3298.0000000 286417.67297 7397524.4543 -2919.791112 2936.7911118 -266.4270325 -546.6456837 218.68384029 82.279996780 3.2890933205 217.85001217
 3312.0000000 286409.01060 7397513.6033 -2921.599191 2938.5991906 -275.0893959 -557.4967002 220.18384033 82.879994748 3.4368981745 219.35001221
 3327.0000000 286399.41664 7397502.2122 -2923.403941 2940.4039413 -284.6833609 -568.8878118 221.69383488 83.300003570 3.1135031290 220.86000676
 3344.0000000 286388.19903 7397489.5864 -2925.360932 2942.3609322 -295.9009749 -581.5136466 223.21383920 83.479999545 2.6833941396 222.38001107
 3357.0000000 286379.40019 7397480.1292 -2926.841637 2943.8416365 -304.6998053 -590.9707864 224.32383984 83.440001958 2.5465437091 223.49001171
 3373.0000000 286368.37308 7397468.6783 -2928.673729 2945.6737288 -315.7269247 -602.4217286 225.18384047 83.410003767 1.6028824511 224.35001235
 3385.0000000 286360.01804 7397460.1716 -2930.043614 2947.0436140 -324.0819604 -610.9283778 225.45382949 83.479999545 0.6930166343 224.62000137
 3413.0000000 286340.34361 7397440.4800 -2933.108919 2950.1089191 -343.7563945 -630.6200041 226.16383623 83.949998523 0.9084830365 225.33000810
 3442.0000000 286319.82888 7397420.2354 -2936.359100 2953.3590997 -364.2711171 -650.8645592 226.26382708 83.179997147 0.8031574821 225.42999895
 3471.0000000 286299.50081 7397399.8397 -2939.828088 2956.8280883 -384.5991884 -671.2602524 225.21383925 83.080003177 1.0833450181 224.38001113
 3500.0000000 286279.54378 7397379.0867 -2943.332242 2960.3322421 -404.5562207 -692.0132974 224.21383923 83.039998759 1.0277366991 223.38001110
 3529.0000000 286259.80942 7397358.1230 -2946.846362 2963.8463621 -424.2905764 -712.9770158 223.99383800 83.039998759 0.2259103791 223.16000987
 3558.0000000 286240.12180 7397337.1099 -2950.327818 2967.3278184 -443.9782014 -733.9900844 223.94383495 83.169997750 0.1439530512 223.11000682
 3587.0000000 286220.45702 7397316.0771 -2953.819323 2970.8193232 -463.6429773 -755.0228683 223.87382762 83.000001171 0.1899869661 223.03999949
 3599.0000000 286212.35181 7397307.3533 -2955.318128 2972.3181277 -471.7481866 -763.7466911 223.58383433 82.650001788 1.1327055560 222.75000620
 3616.0000000 286200.90404 7397295.0058 -2957.678148 2974.6781484 -483.1959564 -776.0941746 223.75383250 81.389995810 2.2432988463 222.92000437
 3631.0000000 286190.75971 7397284.2086 -2960.040176 2977.0401758 -493.3402887 -786.8913532 224.34382885 80.489995444 2.1442548798 223.51000073
 3645.0000000 286181.22391 7397274.2420 -2962.447177 2979.4471770 -502.8760879 -796.8579751 224.79384107 79.710001501 1.9225048121 223.96001295
 3663.0000000 286168.90945 7397261.5432 -2965.792241 2982.7922406 -515.1905463 -809.5568398 225.11383315 78.870004346 1.4948540330 224.28000502
 3676.0000000 286160.00524 7397252.4234 -2968.360665 2985.3606651 -524.0947556 -818.6766304 225.18384047 78.339995327 1.2333082343 224.35001235
 3703.0000000 286141.42032 7397233.6392 -2973.925922 2990.9259216 -542.6796785 -837.4608344 225.87382768 77.870003180 0.9140504661 225.03999955
 3732.0000000 286121.29495 7397213.6467 -2979.970222 2996.9702223 -562.8050459 -857.4533052 226.17383074 78.069997949 0.3673359458 225.34000261
 3762.0000000 286100.38914 7397193.1022 -2986.384113 3003.3841133 -583.7108620 -877.9977591 226.49383807 77.240000191 0.8869149575 225.66000994
 3790.0000000 286080.91609 7397174.0228 -2992.787387 3009.7873872 -603.1839092 -897.0772463 226.34382891 76.320001031 0.9980538516 225.51000078
 3817.0000000 286062.23900 7397155.7260 -2999.538306 3016.5383065 -621.8610031 -915.3739526 226.50383258 74.720001897 1.7860902600 225.67000445
 3846.0000000 286042.39176 7397136.2159 -3007.699055 3024.6990554 -641.7082409 -934.8841085 226.14383196 72.589993744 2.2322435683 225.31000383
 3875.0000000 286023.00673 7397116.6456 -3016.775968 3033.7759678 -661.0932685 -954.4544017 224.97383375 70.929998229 2.0664435776 224.14000563
 3903.0000000 286004.59214 7397097.7552 -3026.170791 3043.1707914 -679.5078597 -973.3447873 225.23382827 69.860001284 1.1760742570 224.40000014
 3934.0000000 285984.30892 7397077.0028 -3037.087887 3054.0878865 -699.7910844 -994.0972376 225.12382765 68.899997705 0.9343627129 224.28999953
 3955.0000000 285970.53733 7397063.0762 -3044.671850 3061.6718505 -713.5626731 -1008.023756 225.90384171 68.759999318 1.0581751320 225.07001359
 3978.0000000 285955.36658 7397047.9133 -3052.983603 3069.9836026 -728.7334173 -1023.186725 225.79384110 68.869999515 0.1961729834 224.96001297
