# WELL TRACE FROM PETREL 
# WELL NAME:              9-PPT-40D-RJS
# DEFINITIVE SURVEY:      Explicit survey 1
# WELL HEAD X-COORDINATE: 291351.60000000 (m)
# WELL HEAD Y-COORDINATE: 7396148.20000000 (m)
# WELL DATUM (KB, Kelly bushing, from MSL): 17.00000000 (m)
# WELL TYPE:              OIL
# MD AND TVD ARE REFERENCED (=0) AT WELL DATUM AND INCREASE DOWNWARDS
# ANGLES ARE GIVEN IN DEGREES
# XYZ TRACE IS GIVEN IN COORDINATE SYSTEM BRAZIL SIRGAS 2000 (WGS84) UTM24S CM 39W (Brazil SIRGAS 2000 (WGS84) UTM24S Lon range 42W - 36W) [Chevron,720787]
# AZIM_TN: azimuth in True North 
# AZIM_GN: azimuth in Grid North 
# DX DY ARE GIVEN IN GRID NORTH IN m-UNITS
# DEPTH (Z, tvd_z) GIVEN IN m-UNITS
#===============================================================================================================================================
      MD            X            Y            Z           TVD           DX          DY        AZIM_TN        INCL         DLS        AZIM_GN
#===============================================================================================================================================
 0.0000000000 291351.60000 7396148.2000 17.000000000 0.0000000000 0.0000000037 -0.000000003 0.8162738798 0.0000000000 0.0000000000 0.0000000000
 1348.0000000 291351.60000 7396148.2000 -1331.000000 1348.0000000 0.0000000037 -0.000000003 0.8162738798 0.0000000000 0.0000000000 0.0000000000
 1411.0000000 291351.39127 7396148.1508 -1393.999514 1410.9995135 -0.208733794 -0.049150260 257.56628102 0.3899999863 0.1857142792 256.75000714
 1438.0000000 291351.17671 7396148.0959 -1420.998596 1437.9985965 -0.423287103 -0.104108718 255.65627731 0.5500000224 0.1786034772 254.84000343
 1469.0000000 291350.88615 7396148.0334 -1451.997171 1468.9971709 -0.713846586 -0.166584881 261.70629579 0.5500000224 0.0561756238 260.89002191
 1498.0000000 291350.66401 7396147.9961 -1480.996280 1497.9962800 -0.935985998 -0.203909150 260.58627012 0.3400000134 0.2174173140 259.76999624
 1525.0000000 291350.46287 7396147.9741 -1507.995510 1524.9955102 -1.137127819 -0.225854179 267.20629594 0.5199999640 0.2071486508 266.39002206
 1555.0000000 291350.19616 7396147.9703 -1537.994324 1554.9943235 -1.403839224 -0.229652508 272.90627779 0.4999999961 0.0545070460 272.09000391
 1583.0000000 291349.96168 7396147.9718 -1565.993341 1582.9933411 -1.638319171 -0.228217474 269.27627281 0.4600000071 0.0538159216 268.45999893
 1614.0000000 291349.73833 7396147.9837 -1596.992529 1613.9925290 -1.861669388 -0.216298996 279.58627065 0.3699999918 0.1128408145 278.76999677
 1643.0000000 291349.53808 7396148.0137 -1625.991821 1642.9918210 -2.061918950 -0.186309428 279.11626942 0.4300000020 0.0621611977 278.29999554
 1670.0000000 291349.35092 7396148.0355 -1652.991162 1669.9911622 -2.249081913 -0.164507296 275.53628275 0.3699999918 0.0721873986 274.72000887
 1699.0000000 291349.14833 7396148.0648 -1681.990437 1698.9904374 -2.451673893 -0.135246323 281.97628537 0.4399999859 0.0862695944 281.16001149
 1728.0000000 291348.97268 7396148.1025 -1710.989870 1727.9898703 -2.627323246 -0.097482973 284.53628300 0.2700000193 0.1765820289 283.72000912
 1757.0000000 291348.83995 7396148.1606 -1739.989505 1756.9895047 -2.760048522 -0.039370802 303.09628107 0.3100000083 0.1050204178 302.28000719
 1785.0000000 291348.69301 7396148.2306 -1767.989029 1784.9890291 -2.906986356 0.0305707837 290.39626851 0.3600000079 0.0955954465 289.57999463
 1939.0000000 291347.87705 7396148.2833 -1921.986769 1938.9867692 -3.722947469 0.0832595518 253.90627726 0.2800000032 0.0417452347 253.09000338
 1983.0000000 291347.67818 7396148.2508 -1965.986304 1982.9863043 -3.921823893 0.0508104451 270.11626917 0.2499999981 0.0548245380 269.29999529
 2036.0000000 291347.50266 7396148.2439 -2018.986003 2035.9860035 -4.097340550 0.0438847262 265.55627148 0.1299999910 0.0684080670 264.73999760
 2071.0000000 291347.40808 7396148.1788 -2053.985798 2070.9857982 -4.191923634 -0.021183589 222.67628066 0.2700000193 0.1678747784 221.86000678
 2129.0000000 291347.25660 7396147.9657 -2111.985206 2128.9852062 -4.343399964 -0.234258494 209.25628212 0.2499999981 0.0330636641 208.44000824
 2134.0000000 291347.24600 7396147.9437 -2116.985146 2133.9851463 -4.354000762 -0.256253007 204.36628260 0.3100000083 0.3871821612 203.55000872
 2180.0000000 291347.22414 7396147.8260 -2162.984925 2179.9849245 -4.375861084 -0.373985014 98.256279033 0.0700000008 0.2192727581 97.440005153
 2218.0000000 291347.01979 7396147.7971 -2200.984087 2217.9840870 -4.580211114 -0.402896882 264.31628121 0.6900000107 0.5985205060 263.50000733
 2235.0000000 291346.83612 7396147.8586 -2217.982910 2234.9829098 -4.763880175 -0.341419085 312.53628377 0.7399999836 1.0339552091 311.72000990
 2268.0000000 291346.87669 7396148.0829 -2250.981455 2267.9814552 -4.723306702 -0.117121442 68.376273318 0.7500000209 1.1477173085 67.559999439
 2296.0000000 291347.22155 7396148.2208 -2278.978992 2295.9789921 -4.378448982 0.0208237441 69.636275490 0.7699999887 0.0279241744 68.820001610
 2325.0000000 291347.65850 7396148.4146 -2307.975007 2324.9750067 -3.941497060 0.2145640077 65.026274751 1.1200000127 0.3702227067 64.210000871
 2353.0000000 291348.24603 7396148.6295 -2335.967962 2352.9679621 -3.353973459 0.4295165418 75.116278999 1.4500000688 0.4273995194 74.300005119
 2383.0000000 291349.01350 7396148.8296 -2365.957471 2382.9574711 -2.586499769 0.6296485113 77.196273259 1.5800000198 0.1411319906 76.379999379
 2394.0000000 291349.35371 7396148.9362 -2376.951644 2393.9516440 -2.246294382 0.7362240804 70.636275517 2.1400000795 1.6314925524 69.820001638
 2412.0000000 291350.12174 7396149.2706 -2394.931876 2411.9318765 -1.478256538 1.0705567347 65.056273531 3.1999999752 1.8169377881 64.239999651
 2425.0000000 291350.87049 7396149.6440 -2407.904770 2424.9047699 -0.729508217 1.4439916965 63.736273800 4.1799997862 2.2698698904 62.919999920
 2441.0000000 291352.09402 7396150.2717 -2423.845122 2440.8451217 0.4940192680 2.0717368005 63.596274406 5.6799998279 2.8125884589 62.780000526
 2470.0000000 291355.11828 7396151.9583 -2452.635584 2469.6355841 3.5182806989 3.7582504349 60.306277214 8.0400000871 2.4740012968 59.490003334
 2499.0000000 291359.01996 7396154.4591 -2481.260847 2498.2608469 7.4199606998 6.2591310693 56.486273598 10.359999343 2.4804720764 55.669999718
 2528.0000000 291363.62511 7396157.6516 -2509.713566 2526.7135657 12.025109909 9.4515662855 55.736273577 11.920000036 1.6207072516 54.919999697
 2556.0000000 291368.86115 7396161.3340 -2536.969779 2553.9697795 17.261148616 13.134023941 55.666273880 14.510000939 2.7750534336 54.850000000
 2583.0000000 291374.90995 7396165.6077 -2562.931592 2579.9315920 23.309953768 17.407682641 55.496275707 17.329999924 3.1337572553 54.680001827
 2611.0000000 291382.27131 7396170.7906 -2589.442124 2606.4421239 30.671307842 22.590599562 55.816275410 20.180000516 3.0555501278 55.000001531
 2626.0000000 291386.65958 7396173.8645 -2603.452460 2620.4524600 35.059581917 25.664481566 55.796274952 21.669999453 2.9800320768 54.980001072
 2639.0000000 291390.65942 7396176.7073 -2615.490788 2632.4907883 39.059418652 28.507343357 55.046274931 22.680000016 2.4205410057 54.230001051
 2652.0000000 291394.82882 7396179.7356 -2627.425836 2644.4258362 43.228823735 31.535572301 54.616274614 24.019999462 3.1171976753 53.800000734
 2670.0000000 291400.92276 7396184.2422 -2643.752009 2660.7520088 49.322757638 36.042227821 54.066275362 25.780000900 2.9585873939 53.250001482
 2687.0000000 291406.97354 7396188.7960 -2658.972173 2675.9721732 55.373540002 40.596014160 53.646277181 27.120000345 2.3876243706 52.830003301
 2700.0000000 291411.77423 7396192.4854 -2670.476282 2687.4762825 60.174227510 44.285395233 52.916273804 28.389998889 3.0338997714 52.099999924
 2713.0000000 291416.75011 7396196.3434 -2681.849999 2698.8499989 65.150111593 48.143416447 53.136275031 29.540001255 2.6652121167 52.320001151
 2727.0000000 291422.26233 7396200.5272 -2694.020579 2711.0205787 70.662329753 52.327236648 54.096274142 29.700001851 1.0729731933 53.280000262
 2756.0000000 291434.20001 7396209.3236 -2718.942039 2735.9420394 82.600013325 61.123623258 54.746275686 31.799998153 2.1994176721 53.930001806
 2775.0000000 291442.47398 7396215.3268 -2734.958008 2751.9580081 90.873984994 67.126820635 54.956274776 33.290000505 2.3593846249 54.140000896
 2786.0000000 291447.44416 7396218.9060 -2744.095500 2761.0954995 95.844161621 70.705964901 55.156275544 34.370000262 2.9610630667 54.340001665
 2805.0000000 291456.34848 7396225.2638 -2759.629373 2776.6293727 104.74848015 77.063791816 55.416273873 35.939997790 2.4901826045 54.599999994
 2815.0000000 291461.16535 7396228.7081 -2767.688092 2784.6880923 109.56534853 80.508060874 55.086275848 36.669998163 2.2670810178 54.270001968
 2831.0000000 291469.04710 7396234.3473 -2780.419671 2797.4196709 117.44709914 86.147295569 55.376276771 37.880000326 2.2925249322 54.560002892
 2844.0000000 291475.63178 7396239.0398 -2790.599759 2807.5997594 124.03178228 90.839842440 55.306277075 39.029999276 2.6557441282 54.490003195
 2858.0000000 291482.93141 7396244.2271 -2801.361697 2818.3616968 131.33140532 96.027085851 55.526274487 40.490000023 3.1430639316 54.710000607
 2873.0000000 291490.97422 7396249.9356 -2812.664073 2829.6640728 139.37422442 101.73561693 55.376276771 41.720000979 2.4678941251 54.560002892
 2903.0000000 291507.65496 7396261.8797 -2834.550605 2851.5506050 156.05496404 113.67970833 55.056277068 44.569999863 2.8583801204 54.240003188
 2918.0000000 291516.32967 7396268.0885 -2845.096582 2862.0965818 164.72967233 119.88854389 55.386275093 46.080001009 3.0562446862 54.570001213
 2931.0000000 291524.01121 7396273.6253 -2854.004646 2871.0046457 172.41121494 125.42534317 54.686274311 47.409999350 3.2869560887 53.870000431
 2943.0000000 291531.19856 7396278.8955 -2862.041100 2879.0410999 179.59856277 130.69551561 54.446276440 48.499998504 2.7611814716 53.630002561
 2959.0000000 291540.94701 7396286.1040 -2872.482842 2889.4828417 189.34700923 137.90404166 54.226275213 50.019999047 2.8670840940 53.410001334
 2976.0000000 291551.50925 7396293.9816 -2883.225864 2900.2258644 199.90924976 145.78158372 53.976275206 51.589999990 2.7916034748 53.160001327
 2989.0000000 291559.68463 7396300.1888 -2891.204353 2908.2043534 208.08463007 151.98876211 53.246275644 52.689998541 2.8657587712 52.430001764
 3003.0000000 291568.59258 7396307.0326 -2899.561123 2916.5611230 216.99258094 158.83263686 53.316275341 54.009997485 2.8311277786 52.500001461
 3017.0000000 291577.66285 7396313.9508 -2907.678915 2924.6789149 226.06284761 165.75079378 53.646277181 55.109999450 2.4265285488 52.830003301
 3031.0000000 291586.94612 7396320.8631 -2915.557142 2932.5571415 235.34611643 172.66306147 54.636275072 56.400000203 3.2735673904 53.820001193
 3047.0000000 291597.79141 7396328.8036 -2924.238311 2941.2383112 246.19141393 180.60358396 54.576273697 57.879999744 2.7766075944 53.759999818
 3061.0000000 291607.38694 7396335.8978 -2931.561528 2948.5615279 255.78694149 187.69778744 54.106276278 59.039998091 2.6297303785 53.290002398
 3076.0000000 291617.76975 7396343.6468 -2939.123611 2956.1236113 266.16975270 195.44679970 54.056277040 60.409997435 2.7413591848 53.240003160
 3087.0000000 291625.49145 7396349.3666 -2944.479137 2961.4791369 273.89144547 201.16658575 54.516276137 61.319997198 2.7129636310 53.700002257
 3104.0000000 291637.54002 7396358.3037 -2952.479691 2969.4796910 285.94002009 210.10369908 53.986273528 62.529999361 2.2892088941 53.169999649
 3116.0000000 291646.12917 7396364.6846 -2957.914451 2974.9144507 294.52916906 216.48463035 54.426275982 63.610002533 2.8725958728 53.610002102
 3131.0000000 291657.00546 7396372.6974 -2964.436899 2981.4368989 305.40546249 224.49743184 54.446276440 64.839996659 2.4602519467 53.630002561
 3145.0000000 291667.22442 7396380.2772 -2970.281437 2987.2814369 315.62442143 232.07720974 54.056277040 65.809999634 2.2129522875 53.240003160
 3160.0000000 291678.24843 7396388.4972 -2976.276955 2993.2769554 326.64842689 240.29715022 54.156275517 67.069998781 2.5266573873 53.340001637
 3173.0000000 291687.89799 7396395.6687 -2981.225549 2998.2255489 336.29799119 247.46871593 54.236273535 68.180000144 2.5672235137 53.419999656
 3188.0000000 291699.10046 7396404.0097 -2986.701095 3003.7010955 347.50045804 255.80971023 54.056277040 68.999998505 1.6738913889 53.240003160
 3201.0000000 291708.83857 7396411.3147 -2991.266501 3008.2665010 357.23856681 263.11471415 53.826273676 69.880000078 2.0906960007 53.009999797
 3218.0000000 291721.59914 7396420.9902 -2996.977509 3013.9775090 369.99913579 272.79015086 53.466276871 70.860002450 1.8300027080 52.650002991
 3231.0000000 291731.41051 7396428.4454 -3001.123924 3018.1239240 379.81051002 280.24536408 53.706274741 71.939998792 2.5469743782 52.890000861
 3247.0000000 291743.58160 7396437.6436 -3005.952465 3022.9524654 391.98159643 289.44355166 53.766276116 72.930000561 1.8593493770 52.950002236
 3260.0000000 291753.55462 7396445.1368 -3009.616289 3026.6162888 401.95461797 296.93680219 54.026274445 74.329998096 3.2816477584 53.210000565
 3275.0000000 291765.16448 7396453.8078 -3013.498487 3030.4984868 413.56447749 305.60781088 54.096274142 75.669999248 2.6834116784 53.280000262
 3290.0000000 291776.84916 7396462.5125 -3017.068805 3034.0688046 425.24915859 314.31249045 54.166273838 76.790000008 2.2441246616 53.349999959
 3305.0000000 291788.59592 7396471.2587 -3020.319153 3037.3191532 436.99592305 323.05868153 54.126276737 78.179998146 2.7810928678 53.310002857
 3333.0000000 291810.68023 7396487.5880 -3025.779217 3042.7792171 459.08022999 339.38797305 54.546274917 79.330003926 1.3088093110 53.730001037
 3363.0000000 291834.48867 7396504.9939 -3031.295187 3048.2951866 482.88867083 356.79389926 54.746275686 79.480001711 0.2472798928 53.930001806
 3391.0000000 291856.77189 7396521.1657 -3036.407395 3053.4073954 505.17188845 372.96571977 54.946276454 79.480001711 0.2106846433 54.130002574
 3420.0000000 291879.86824 7396537.8754 -3041.751931 3058.7519314 528.26823507 389.67540027 54.916273859 79.280000112 0.2091350144 54.099999980
 3449.0000000 291903.02021 7396554.5086 -3047.094003 3064.0940034 551.42020808 406.30860212 55.326273718 79.489994278 0.4700846062 54.509999838
 3478.0000000 291926.19965 7396571.0636 -3052.557857 3069.5578573 574.59964889 422.86360278 55.236273563 78.790002341 0.7298795247 54.419999683
 3507.0000000 291949.29772 7396587.6581 -3058.242781 3075.2427813 597.69771674 439.45809101 55.006274014 78.600000138 0.3050719624 54.190000135
 3517.0000000 291957.25090 7396593.3814 -3060.246720 3077.2467197 605.65089868 445.18143610 55.146277223 78.279998945 1.0444760904 54.330003343
 3534.0000000 291970.79718 7396603.0492 -3063.726064 3080.7260643 619.19717772 454.84922484 55.456274790 78.099996140 0.6226035904 54.640000910
 3548.0000000 291981.98015 7396610.9350 -3066.692961 3083.6929614 630.38015316 462.73504669 55.796274952 77.430002394 1.6025628727 54.980001072
 3564.0000000 291994.85081 7396619.7463 -3070.265079 3087.2650786 643.25081369 471.54634841 57.046274987 76.769994384 2.5982201442 56.230001107
 3577.0000000 292005.43254 7396626.6683 -3073.290030 3090.2900298 653.83253705 478.46830323 58.206274866 76.320001031 2.8029029289 57.390000987
 3593.0000000 292018.61331 7396634.8824 -3077.143323 3094.1433233 667.01331093 486.68238481 59.566275515 75.809997636 2.6532539716 58.750001635
 3609.0000000 292031.98644 7396642.7176 -3081.119945 3098.1199454 680.38644058 494.51757876 61.336276022 75.410001267 3.3009448030 60.520002142
 3622.0000000 292043.02213 7396648.7458 -3084.422306 3101.4223062 691.42212842 500.54576246 63.006274237 75.160002683 3.7718116136 62.190000357
 3637.0000000 292055.90110 7396655.3790 -3088.318605 3105.3186045 704.30109593 507.17898460 64.126277015 74.730001294 2.3278023004 63.310003135
 3650.0000000 292067.16415 7396660.8833 -3091.765499 3108.7654991 715.56414756 512.68333855 65.416274152 74.519993468 2.9109951623 64.600000272
 3664.0000000 292079.39994 7396666.5411 -3095.549315 3112.5493150 727.79993523 518.34106325 66.586272353 74.120003929 2.5614895230 65.769998473
 3678.0000000 292091.74094 7396671.9365 -3099.374303 3116.3743032 740.14093710 523.73650337 67.816275744 74.170000914 2.5377074719 67.000001864
 3693.0000000 292105.09413 7396677.4103 -3103.470036 3120.4700359 753.49412758 529.21029537 69.236273953 74.139995893 2.7327411884 68.420000073
 3707.0000000 292117.69318 7396682.1760 -3107.289278 3124.2892781 766.09317733 533.97603439 70.956275221 74.199999105 3.5482575376 70.140001342
 3721.0000000 292130.41458 7396686.5702 -3111.148428 3128.1484277 778.81458141 538.37018969 72.566275876 73.800002737 3.4253138756 71.750001997
 3736.0000000 292144.12678 7396690.9451 -3115.377386 3132.3773857 792.52678264 542.74508159 73.676276518 73.449996523 2.2420262975 72.860002638
 3749.0000000 292156.06871 7396694.5085 -3119.082732 3136.0827320 804.46871044 546.30849819 74.726279599 73.429997729 2.3230346326 73.910005719
 3766.0000000 292171.77118 7396698.8073 -3123.982339 3140.9823385 820.17117741 550.60732123 76.286277201 73.069998948 2.7115920157 75.470003321
 3779.0000000 292183.82930 7396701.7760 -3127.832119 3144.8321193 832.22929615 553.57598684 77.686278765 72.480000378 3.3728657152 76.870004886
 3795.0000000 292198.71392 7396705.0163 -3132.730193 3149.7301929 847.11391747 556.81626730 79.386275761 71.870003013 3.2428466505 78.570001881
 3814.0000000 292216.43523 7396708.2981 -3138.749996 3155.7499959 864.83523372 560.09806330 81.266273067 71.190003040 3.0132563628 80.449999187
 3824.0000000 292225.77067 7396709.8018 -3142.007368 3159.0073681 874.17067036 561.60176754 82.066276141 70.789999841 2.5668808609 81.250002261
 3837.0000000 292237.91349 7396711.5538 -3146.310589 3163.3105891 886.31349215 563.35378757 83.146278002 70.550000654 2.4161430617 82.330004122
 3853.0000000 292252.84972 7396713.4554 -3151.727820 3168.7278202 901.24971584 565.25542913 83.976279856 69.870000681 1.9416179004 83.160005976
 3867.0000000 292265.85522 7396715.0108 -3156.675245 3173.6752450 914.25521636 566.81082385 84.016273143 68.740000524 2.4227556419 83.199999264
 3882.0000000 292279.66637 7396716.6844 -3162.286924 3179.2869236 928.06636611 568.48442646 83.796279546 67.319997365 2.8691664204 82.980005666
 3896.0000000 292292.41026 7396718.2694 -3167.864750 3184.8647502 940.81026042 570.06936945 83.656272523 65.719998232 3.4395933029 82.839998643
 3912.0000000 292306.79350 7396720.0876 -3174.636568 3191.6365678 955.19349684 571.88755585 83.566276182 64.199994273 2.8541046523 82.750002303
 3925.0000000 292318.32826 7396721.5631 -3180.450163 3197.4501630 966.72826440 573.36305802 83.486274349 62.669997748 3.5346201269 82.670000469
 3941.0000000 292332.31504 7396723.3425 -3188.015597 3205.0155973 980.71503579 575.14252300 83.646278016 60.889995809 3.3479545515 82.830004136
 3953.0000000 292342.67436 7396724.6493 -3193.931915 3210.9319151 991.07436372 576.44932615 83.606277099 60.029999860 2.1517494553 82.790003219
 3969.0000000 292356.31135 7396726.3433 -3202.129107 3219.1291074 1004.7113524 578.14330500 83.866279243 58.329999927 3.2148723686 83.050005363
 3985.0000000 292369.69137 7396727.9731 -3210.751406 3227.7514056 1018.0913727 579.77310032 83.876273750 56.450000603 3.5250340700 83.059999870
 4012.0000000 292391.72996 7396730.4980 -3226.144223 3243.1442229 1040.1299624 582.29804574 84.696273467 54.029999694 2.7910939489 83.879999588
 4025.0000000 292402.10547 7396731.6241 -3233.896809 3250.8968095 1050.5054671 583.42412417 84.546279567 52.749998337 2.9668869611 83.730005687
 4041.0000000 292414.63660 7396733.0502 -3243.743854 3260.7438537 1063.0365967 584.85022009 84.096274977 51.279998194 2.8353318512 83.280001097
 4055.0000000 292425.36626 7396734.3595 -3252.642129 3269.6421286 1073.7662559 586.15953188 83.616279236 49.789999257 3.2900987320 82.800005356
 4069.0000000 292435.86691 7396735.6971 -3261.805519 3278.8055195 1084.2669084 587.49709911 83.496276486 48.439998707 2.8993825472 82.680002606
 4083.0000000 292446.16038 7396737.0583 -3271.197703 3288.1977026 1094.5603785 588.85826863 83.066276169 47.289999756 2.5572519935 82.250002289
 4100.0000000 292458.38172 7396738.7924 -3282.887635 3299.8876353 1106.7817172 590.59236004 82.406272488 45.819999613 2.7284382433 81.589998608
 4111.0000000 292466.10785 7396739.9537 -3290.631677 3307.6316773 1114.5078464 591.75371730 82.126273701 44.680000059 3.1560279163 81.309999821
 4126.0000000 292476.45725 7396741.4742 -3301.383450 3318.3834499 1124.8572527 593.27416857 82.796279518 43.740002105 2.0993709197 81.980005638
 4141.0000000 292486.63980 7396742.8273 -3312.315246 3329.3152455 1135.0398037 594.62725083 83.706275576 42.689997124 2.4419032884 82.890001696
 4171.0000000 292506.23153 7396744.6175 -3334.957028 3351.9570280 1154.6315263 596.41754732 87.616279347 39.309999466 4.2418934086 86.800005467
 4185.0000000 292514.93629 7396745.0975 -3345.911666 3362.9116659 1163.3362883 596.89745431 87.706275687 37.710000332 3.4306708710 86.890001808
 4199.0000000 292523.30803 7396745.6025 -3357.121484 3374.1214837 1171.7080316 597.40250982 87.006278720 35.890000805 4.0021135317 86.190004840
 4215.0000000 292532.55356 7396746.2975 -3370.161867 3387.1618668 1180.9535649 598.09752082 86.016273199 34.930000642 2.0968131110 85.199999319
 4230.0000000 292541.01211 7396747.0225 -3382.528816 3399.5288155 1189.4121105 598.82247199 85.816273880 34.000000000 1.8737223493 85.000000000
