# WELL TRACE FROM PETREL 
# WELL NAME:              9-PPT-3D-RJS
# DEFINITIVE SURVEY:      Explicit survey 1
# WELL HEAD X-COORDINATE: 292456.00000000 (m)
# WELL HEAD Y-COORDINATE: 7397352.00000000 (m)
# WELL DATUM (KB, Kelly bushing, from MSL): 14.00000000 (m)
# WELL TYPE:              OIL
# MD AND TVD ARE REFERENCED (=0) AT WELL DATUM AND INCREASE DOWNWARDS
# ANGLES ARE GIVEN IN DEGREES
# XYZ TRACE IS GIVEN IN COORDINATE SYSTEM BRAZIL SIRGAS 2000 (WGS84) UTM24S CM 39W (Brazil SIRGAS 2000 (WGS84) UTM24S Lon range 42W - 36W) [Chevron,720787]
# AZIM_TN: azimuth in True North 
# AZIM_GN: azimuth in Grid North 
# DX DY ARE GIVEN IN GRID NORTH IN m-UNITS
# DEPTH (Z, tvd_z) GIVEN IN m-UNITS
#===============================================================================================================================================
      MD            X            Y            Z           TVD           DX          DY        AZIM_TN        INCL         DLS        AZIM_GN
#===============================================================================================================================================
 0.0000000000 292456.00000 7397352.0000 14.000000000 0.0000000000 0.0000000001 0.0000000019 0.8115365540 0.0000000000 0.0000000000 0.0000000000
 1433.0000000 292456.00000 7397352.0000 -1419.000000 1433.0000000 0.0000000001 0.0000000019 0.8115365540 0.0000000000 0.0000000000 0.0000000000
 1480.0000000 292456.07424 7397351.9763 -1465.999914 1479.9999139 0.0742372327 -0.023734957 108.54153655 0.1900000000 0.1212765957 107.73000000
 1511.0000000 292456.18653 7397351.9190 -1496.999653 1510.9996530 0.1865349743 -0.080960149 124.09153655 0.2800000000 0.1059867489 123.28000000
 1538.0000000 292456.30767 7397351.8515 -1523.999296 1537.9992959 0.3076692033 -0.148535295 116.24153655 0.3100000000 0.0558523880 115.43000000
 1598.0000000 292456.58962 7397351.7254 -1583.998500 1597.9985003 0.5896241685 -0.274638908 113.43153655 0.2800000000 0.0166488397 112.62000000
 1656.0000000 292456.81911 7397351.6192 -1641.997946 1655.9979462 0.8191082437 -0.380835923 118.46153655 0.2200000000 0.0330162479 117.65000000
 1685.0000000 292456.91061 7397351.5761 -1670.997769 1684.9977692 0.9106141578 -0.423890857 113.01153655 0.1800000000 0.0457754271 112.20000000
 1740.0000000 292457.05847 7397351.5075 -1725.997527 1739.9975272 1.0584724528 -0.492512883 118.74153655 0.1600000000 0.0143050756 117.93000000
 1796.0000000 292457.19101 7397351.4452 -1781.997335 1795.9973354 1.1910079910 -0.554774418 112.81153655 0.1400000000 0.0135497657 112.00000000
 1828.0000000 292457.25567 7397351.4189 -1813.997259 1827.9972589 1.2556691808 -0.581118990 113.19153655 0.1100000000 0.0281355823 112.38000000
 1884.0000000 292457.31984 7397351.4008 -1869.997214 1883.9972139 1.3198432463 -0.599161592 81.281536554 0.0300000000 0.0460757744 80.470000000
 1914.0000000 292457.34748 7397351.3895 -1899.997197 1913.9971972 1.3474754633 -0.610505227 123.26153655 0.0900000000 0.0706098901 122.45000000
 1941.0000000 292457.38658 7397351.3779 -1926.997166 1940.9971655 1.3865801425 -0.622081138 91.341536554 0.0900000000 0.0549932194 90.530000000
 1971.0000000 292457.42585 7397351.3779 -1956.997139 1970.9971395 1.4258529443 -0.622098963 90.081536554 0.0600000000 0.0300434917 89.270000000
 1999.0000000 292457.46715 7397351.3745 -1984.997108 1998.9971079 1.4671505219 -0.625537161 98.561536554 0.1100000000 0.0550959185 97.750000000
 2029.0000000 292457.52317 7397351.3505 -2014.997045 2028.9970446 1.5231673188 -0.649509981 126.98153655 0.1300000000 0.0620225438 126.17000000
 2057.0000000 292457.59557 7397351.3175 -2042.996929 2056.9969288 1.5955709756 -0.682492330 107.74153655 0.2000000000 0.0946525255 106.93000000
 2116.0000000 292457.75811 7397351.2068 -2101.996591 2115.9965906 1.7581083980 -0.793160122 142.38153655 0.2000000000 0.0605506941 141.57000000
 2174.0000000 292457.90623 7397351.0482 -2159.996183 2173.9961831 1.9062283472 -0.951829558 133.78153655 0.2300000000 0.0227492622 132.97000000
 2239.0000000 292458.24670 7397350.3302 -2224.990522 2238.9905220 2.2467025772 -1.669805348 159.53153655 1.1900000000 0.4559561676 158.72000000
 2253.0000000 292458.32717 7397349.9520 -2238.985037 2252.9850369 2.3271729177 -2.048047869 174.30153655 2.0000000000 1.9325521618 173.49000000
 2267.0000000 292458.26190 7397349.3321 -2252.970770 2266.9707704 2.2619040111 -2.667906433 194.66153655 3.1800000000 3.1686644790 193.85000000
 2284.0000000 292457.80208 7397348.2565 -2269.929695 2283.9296946 1.8020800282 -3.743529629 210.13153655 4.7800000000 3.3759636151 209.32000000
 2299.0000000 292456.98792 7397347.0720 -2284.860138 2298.8601385 0.9879206551 -4.927955355 219.28153655 6.2500000000 3.4169606879 218.47000000
 2313.0000000 292455.87947 7397345.8157 -2298.759194 2312.7591943 -0.120527769 -6.184284013 224.69153655 7.5100000000 3.0333193491 223.88000000
 2328.0000000 292454.32238 7397344.3338 -2313.603913 2327.6039126 -1.677616176 -7.666229930 229.35153655 8.9800000000 3.2272124535 228.54000000
 2341.0000000 292452.61675 7397342.9401 -2326.415516 2340.4155165 -3.383245367 -9.059940113 233.44153655 10.540000000 3.9373630034 232.63000000
 2357.0000000 292450.04850 7397341.1132 -2342.101445 2356.1014448 -5.951497454 -10.88678423 237.07153655 12.190000000 3.3704974780 236.26000000
 2370.0000000 292447.61839 7397339.5701 -2354.778503 2368.7785029 -8.381606588 -12.42994088 239.60153655 13.400000000 3.0765095869 238.79000000
 2386.0000000 292444.21285 7397337.6286 -2370.290367 2384.2903671 -11.78714577 -14.37137514 242.49153655 14.970000000 3.2285133324 241.68000000
 2399.0000000 292441.09898 7397336.0304 -2382.810103 2396.8101032 -14.90102236 -15.96964075 244.70153655 16.270000000 3.2988318286 243.89000000
 2413.0000000 292437.39048 7397334.2674 -2396.194066 2410.1940658 -18.60952000 -17.73260776 246.01153655 17.840000000 3.4633551986 245.20000000
 2428.0000000 292432.99890 7397332.2731 -2410.397012 2424.3970124 -23.00110460 -19.72685161 246.73153655 19.670000000 3.6891010385 245.92000000
 2442.0000000 292428.51986 7397330.2977 -2423.513007 2437.5130066 -27.48013734 -21.70233732 247.27153655 21.260000000 3.4310447081 246.46000000
 2455.0000000 292424.05182 7397328.3435 -2435.563484 2449.5634836 -31.94818172 -23.65648299 247.11153655 22.800000000 3.5565406180 246.30000000
 2471.0000000 292418.21038 7397325.7605 -2450.233273 2464.2332734 -37.78961887 -26.23948767 246.81153655 24.250000000 2.7279967095 246.00000000
 2482.0000000 292414.01213 7397323.8518 -2460.219923 2474.2199227 -41.98786538 -28.14821932 245.93153655 25.320000000 3.0866797556 245.12000000
 2496.0000000 292408.46830 7397321.2307 -2472.805484 2486.8054840 -47.53170191 -30.76934082 245.10153655 26.630000000 2.9131575260 244.29000000
 2512.0000000 292401.87989 7397318.0113 -2487.026292 2501.0262920 -54.12010715 -33.98871642 244.45153655 27.920000000 2.4823610917 243.64000000
 2528.0000000 292395.03154 7397314.5665 -2501.070359 2515.0703587 -60.96845685 -37.43346141 243.78153655 29.330000000 2.7113497178 242.97000000
 2541.0000000 292389.28218 7397311.5901 -2512.343841 2526.3438410 -66.71782097 -40.40988896 243.11153655 30.400000000 2.5864450609 242.30000000
 2557.0000000 292382.00467 7397307.6922 -2526.049658 2540.0496577 -73.99533334 -44.30779072 242.18153655 31.720000000 2.6333766309 241.37000000
 2572.0000000 292374.95916 7397303.7616 -2538.695276 2552.6952758 -81.04084077 -48.23837454 241.15153655 33.350000000 3.4430106080 240.34000000
 2588.0000000 292367.19956 7397299.2666 -2551.946298 2565.9462984 -88.80043949 -52.73335996 240.32153655 34.820000000 2.8908904701 239.51000000
 2599.0000000 292361.73952 7397296.0153 -2560.925401 2574.9254009 -94.26047517 -55.98473748 239.76153655 35.750000000 2.6853917301 238.95000000
 2614.0000000 292354.14243 7397291.3491 -2572.988497 2586.9884970 -101.8575728 -60.65091408 238.76153655 37.180000000 3.0970987867 237.95000000
 2627.0000000 292347.42224 7397287.0786 -2583.265255 2597.2652554 -108.5777572 -64.92143785 238.00153655 38.350000000 2.9057589907 237.19000000
 2642.0000000 292339.50505 7397281.8843 -2594.899071 2608.8990709 -116.4949545 -70.11566670 237.10153655 39.930000000 3.3579848907 236.29000000
 2655.0000000 292332.47927 7397277.1961 -2604.781966 2618.7819661 -123.5207267 -74.80394662 237.09153655 41.100000000 2.7000416137 236.28000000
 2671.0000000 292323.58333 7397271.3086 -2616.707441 2630.7074415 -132.4166722 -80.69136900 237.53153655 42.520000000 2.7186997178 236.72000000
 2684.0000000 292316.16684 7397266.4350 -2626.207941 2640.2079408 -139.8331643 -85.56500594 237.47153655 43.570000000 2.4249191355 236.66000000
 2713.0000000 292299.32115 7397255.5168 -2647.139086 2661.1390860 -156.6788543 -96.48316597 238.25153655 44.030000000 0.7337191818 237.44000000
 2742.0000000 292282.30313 7397244.7148 -2667.991173 2681.9911729 -173.6968718 -107.2852299 238.56153655 44.020000000 0.2231102011 237.75000000
 2771.0000000 292265.21976 7397234.0233 -2688.846797 2702.8467974 -190.7802364 -117.9767130 238.98153655 44.010000000 0.3020757320 238.17000000
 2799.0000000 292248.64343 7397223.8294 -2708.981578 2722.9815779 -207.3565709 -128.1705515 239.46153655 44.030000000 0.3580232936 238.65000000
 2828.0000000 292231.39742 7397213.4626 -2729.867136 2743.8671358 -224.6025817 -138.5373658 240.14153655 43.830000000 0.5300796710 239.33000000
 2856.0000000 292214.62560 7397203.7130 -2750.059748 2764.0597478 -241.3744023 -148.2869910 241.14153655 43.870000000 0.7434878129 240.33000000
 2886.0000000 292196.54159 7397193.4419 -2771.683547 2785.6835470 -259.4584136 -158.5580651 241.29153655 43.890000000 0.1058786352 240.48000000
 2918.0000000 292177.33498 7397182.5157 -2794.831952 2808.8319518 -278.6650210 -169.4842725 241.06153655 43.440000000 0.4473724992 240.25000000
 2943.0000000 292162.37482 7397174.0413 -2812.982864 2826.9828642 -293.6251798 -177.9586773 241.50153655 43.450000000 0.3632811726 240.69000000
 2973.0000000 292144.33232 7397164.0176 -2834.756774 2848.7567738 -311.6676835 -187.9824467 242.01153655 43.480000000 0.3521144777 241.20000000
 3001.0000000 292127.43423 7397154.7603 -2855.075671 2869.0756712 -328.5657748 -197.2396569 242.18153655 43.470000000 0.1257783563 241.37000000
 3030.0000000 292109.90326 7397145.2418 -2876.127217 2890.1272166 -346.0967448 -206.7582348 242.44153655 43.440000000 0.1875754154 241.63000000
 3058.0000000 292092.97882 7397135.9814 -2896.422641 2910.4226407 -363.0211823 -216.0185926 241.81153655 43.650000000 0.5165945175 241.00000000
 3087.0000000 292075.56246 7397126.1137 -2917.408202 2931.4082016 -380.4375364 -225.8863475 240.74153655 43.640000000 0.7640310407 239.93000000
 3114.0000000 292059.50702 7397116.6430 -2936.943163 2950.9431633 -396.4929794 -235.3570156 239.81153655 43.670000000 0.7140991315 239.00000000
 3143.0000000 292042.43069 7397106.1455 -2957.902555 2971.9025549 -413.5693111 -245.8544763 238.65153655 43.770000000 0.8357806649 237.84000000
 3172.0000000 292025.42787 7397095.5456 -2978.870394 2992.8703936 -430.5721345 -256.4544328 239.09153655 43.620000000 0.3506446750 238.28000000
 3201.0000000 292008.37308 7397085.0677 -2999.857435 3013.8574345 -447.6269241 -266.9322618 239.40153655 43.660000000 0.2251508762 238.59000000
 3230.0000000 291991.29543 7397074.6271 -3020.844452 3034.8444520 -464.7045659 -277.3728988 239.34153655 43.620000000 0.0595576475 238.53000000
 3259.0000000 291974.19938 7397064.1465 -3041.796493 3055.7964929 -481.8006151 -287.8535461 239.26153655 43.860000000 0.2547838476 238.45000000
 3288.0000000 291957.08642 7397053.6061 -3062.704761 3076.7047614 -498.9135806 -298.3939068 239.10153655 43.870000000 0.1151626310 238.29000000
 3316.0000000 291940.57454 7397043.4181 -3082.895436 3096.8954360 -515.4254558 -308.5819379 239.17153655 43.840000000 0.0611005944 238.36000000
 3345.0000000 291923.48130 7397032.8631 -3103.812468 3117.8124676 -532.5186968 -319.1369162 239.06153655 43.840000000 0.0788184328 238.25000000
 3374.0000000 291906.39359 7397022.2992 -3124.729497 3138.7294968 -549.6064140 -329.7008476 239.11153655 43.840000000 0.0358265626 238.30000000
 3403.0000000 291889.28013 7397011.7770 -3145.646539 3159.6465387 -566.7198714 -340.2229824 239.34153655 43.840000000 0.1648021332 238.53000000
 3432.0000000 291872.16381 7397001.2387 -3166.553069 3180.5530690 -583.8361918 -350.7613262 239.04153655 43.900000000 0.2238535412 238.23000000
 3459.0000000 291856.25259 7396991.4097 -3186.029176 3200.0291756 -599.7474119 -360.5902840 239.17153655 43.770000000 0.1757047501 238.36000000
 3486.0000000 291840.36274 7396981.5882 -3205.526490 3219.5264901 -615.6372648 -370.4117624 239.01153655 43.770000000 0.1229804532 238.20000000
 3517.0000000 291822.13122 7396970.2731 -3227.902929 3241.9029294 -633.8687817 -381.7268517 238.96153655 43.820000000 0.0588450529 238.15000000
 3546.0000000 291805.07341 7396959.6783 -3248.828720 3262.8287205 -650.9265872 -392.3217429 238.97153655 43.810000000 0.0125821503 238.16000000
 3574.0000000 291788.64127 7396949.3723 -3269.024535 3283.0245352 -667.3587335 -402.6277130 238.46153655 43.870000000 0.3839020285 237.65000000
 3603.0000000 291771.66318 7396938.5955 -3289.922275 3303.9222746 -684.3368194 -413.4044727 238.35153655 43.920000000 0.0943406086 237.54000000
 3631.0000000 291755.26434 7396928.1804 -3310.089234 3324.0892338 -700.7356554 -423.8195700 238.43153655 43.930000000 0.0604189699 237.62000000
 3660.0000000 291738.33761 7396917.3471 -3330.999303 3344.9993030 -717.6623906 -434.6529212 237.95153655 43.790000000 0.3732984143 237.14000000
 3689.0000000 291721.45663 7396906.4659 -3351.921591 3365.9215912 -734.5433657 -445.5340918 238.06153655 43.860000000 0.1070173458 237.25000000
 3718.0000000 291704.56717 7396895.5542 -3372.821095 3386.8210953 -751.4328300 -456.4458286 237.83153655 43.920000000 0.1762431640 237.02000000
 3746.0000000 291688.27629 7396885.0392 -3393.023625 3407.0236246 -767.7237136 -466.9608480 238.11153655 43.720000000 0.2984378001 237.30000000
 3775.0000000 291671.37078 7396874.2131 -3413.954669 3427.9546687 -784.6292163 -477.7869428 238.24153655 43.880000000 0.1898948762 237.43000000
 3797.0000000 291658.51760 7396866.0136 -3429.817440 3443.8174398 -797.4824016 -485.9864162 238.31153655 43.840000000 0.0857306706 237.50000000
