# WELL TRACE FROM PETREL 
# WELL NAME:              9-PPT-13D-RJS
# DEFINITIVE SURVEY:      Explicit survey 1
# WELL HEAD X-COORDINATE: 286039.10000000 (m)
# WELL HEAD Y-COORDINATE: 7394461.60000000 (m)
# WELL DATUM (KB, Kelly bushing, from MSL): 17.00000000 (m)
# WELL TYPE:              OIL
# MD AND TVD ARE REFERENCED (=0) AT WELL DATUM AND INCREASE DOWNWARDS
# ANGLES ARE GIVEN IN DEGREES
# XYZ TRACE IS GIVEN IN COORDINATE SYSTEM BRAZIL SIRGAS 2000 (WGS84) UTM24S CM 39W (Brazil SIRGAS 2000 (WGS84) UTM24S Lon range 42W - 36W) [Chevron,720787]
# AZIM_TN: azimuth in True North 
# AZIM_GN: azimuth in Grid North 
# DX DY ARE GIVEN IN GRID NORTH IN m-UNITS
# DEPTH (Z, tvd_z) GIVEN IN m-UNITS
#===============================================================================================================================================
      MD            X            Y            Z           TVD           DX          DY        AZIM_TN        INCL         DLS        AZIM_GN
#===============================================================================================================================================
 0.0000000000 286039.10000 7394461.6000 17.000000000 0.0000000000 0.0000000011 0.0000000000 0.8376464043 0.0000000000 0.0000000000 0.0000000000
 1109.0000000 286039.10000 7394461.6000 -1092.000000 1109.0000000 0.0000000011 0.0000000000 0.8376464043 0.0000000000 0.0000000000 0.0000000000
 1138.0000000 286039.19298 7394461.5485 -1120.999740 1137.9997403 0.0929787787 -0.051538985 119.83764972 0.4199999914 0.4344827497 119.00000331
 1152.0000000 286039.27868 7394461.4990 -1134.999390 1151.9993904 0.1786788876 -0.101020922 121.91765160 0.3899999863 0.0715805668 121.08000520
 1167.0000000 286039.35872 7394461.4676 -1149.999138 1166.9991385 0.2587172867 -0.132424090 98.747652791 0.2800000032 0.3447644254 97.910006387
 1182.0000000 286039.43359 7394461.4551 -1164.998946 1181.9989463 0.3335926780 -0.144902542 101.74765287 0.2999999977 0.0502090029 100.91000647
 1196.0000000 286039.51728 7394461.4375 -1178.998683 1195.9986834 0.4172821550 -0.162527801 103.46764651 0.3999999969 0.2154411481 102.63000011
 1226.0000000 286039.69765 7394461.4068 -1208.998121 1225.9981212 0.5976495013 -0.193217003 96.527651508 0.2999999977 0.1084361612 95.690005104
 1255.0000000 286039.85335 7394461.3615 -1237.997663 1254.9976626 0.7533545289 -0.238493177 116.05765083 0.3499999973 0.1249194872 115.22000443
 1311.0000000 286040.17279 7394461.2663 -1293.996663 1310.9966630 1.0727931681 -0.333708669 98.557650344 0.3400000134 0.0564797256 97.720003940
 1339.0000000 286040.34793 7394461.2515 -1321.996111 1338.9961106 1.2479281445 -0.348451585 93.047648055 0.3800000024 0.0566332189 92.210001650
 1396.0000000 286040.67612 7394461.2423 -1378.995158 1395.9951580 1.5761221824 -0.357735296 91.657648626 0.2800000032 0.0527961058 90.820002222
 1426.0000000 286040.85362 7394461.2519 -1408.994625 1425.9946255 1.7536212023 -0.348109354 84.987650272 0.3999999969 0.1261590334 84.150003868
 1455.0000000 286041.04039 7394461.2629 -1437.994020 1454.9940204 1.9403945621 -0.337084083 90.367647675 0.3400000134 0.0716576830 89.530001271
 1514.0000000 286041.37326 7394461.2886 -1496.993074 1513.9930738 2.2732554952 -0.311391054 82.097650802 0.3100000083 0.0282742703 81.260004398
 1571.0000000 286041.66767 7394461.2864 -1553.992306 1570.9923063 2.5676749507 -0.313554924 101.05765041 0.2899999871 0.0530375097 100.22000401
 1600.0000000 286041.82429 7394461.2390 -1582.991841 1599.9918413 2.7242852332 -0.360993083 113.02765197 0.3600000079 0.1005101814 112.19000556
 1629.0000000 286041.97709 7394461.1862 -1611.991388 1628.9913878 2.8770884513 -0.413846029 105.91765116 0.2800000032 0.0922386198 105.08000476
 1686.0000000 286042.25541 7394461.1100 -1668.990657 1685.9906574 3.1554057865 -0.489997664 106.34765148 0.2999999977 0.0105883818 105.51000507
 1716.0000000 286042.40943 7394461.0592 -1698.990219 1715.9902188 3.3094259868 -0.540757261 111.63765254 0.3199999922 0.0348963841 110.80000614
 1744.0000000 286042.57799 7394460.9938 -1726.989631 1743.9896314 3.4779924017 -0.606246011 112.39764707 0.4199999914 0.1072694580 111.56000066
 1773.0000000 286042.77569 7394460.9091 -1755.988834 1772.9888340 3.6756943981 -0.690894745 115.59765173 0.4300000020 0.0266404419 114.76000533
 1802.0000000 286042.95129 7394460.8099 -1784.988130 1801.9881296 3.8512890860 -0.790127703 125.78764683 0.3699999918 0.0960401422 124.95000043
 1831.0000000 286043.11460 7394460.7088 -1813.987493 1830.9874929 4.0146044078 -0.891242376 119.57764757 0.3899999863 0.0473319744 118.74000117
 1860.0000000 286043.27787 7394460.6282 -1842.986920 1859.9869200 4.1778675023 -0.971759839 114.14764712 0.3300000028 0.0713347083 113.31000071
 1888.0000000 286043.42257 7394460.5690 -1870.986483 1887.9864833 4.3225738872 -1.031044199 112.01764980 0.3100000083 0.0249291337 111.18000340
 1946.0000000 286043.73039 7394460.4393 -1928.985521 1945.9855205 4.6303851967 -1.160654767 115.13765264 0.3499999973 0.0226741078 114.30000623
 2004.0000000 286044.05271 7394460.2921 -1986.984438 2003.9844384 4.9527060539 -1.307884715 115.63765265 0.3499999973 0.0015798091 114.80000625
 2062.0000000 286044.33849 7394460.1407 -2044.983533 2061.9835333 5.2384897324 -1.459279813 122.50764796 0.2899999871 0.0367841981 121.67000155
 2093.0000000 286044.46469 7394460.0570 -2075.983163 2092.9831633 5.3646853536 -1.542981685 126.41765173 0.2700000193 0.0267576678 125.58000533
 2127.0000000 286044.55174 7394459.9521 -2109.982880 2126.9828800 5.4517357011 -1.647949835 160.27765328 0.2099999957 0.1333269407 159.44000688
 2145.0000000 286044.59192 7394459.8380 -2127.982446 2144.9824457 5.4919214492 -1.762040451 161.86764966 0.5600000063 0.5835489227 161.03000326
 2157.0000000 286044.65498 7394459.7149 -2139.981639 2156.9816387 5.5549809678 -1.885095729 147.77765293 0.7699999887 0.6616484156 146.94000653
 2169.0000000 286044.76370 7394459.5690 -2151.980252 2168.9802522 5.6637030357 -2.030983712 141.25764848 0.9699999871 0.5571173712 140.42000208
 2179.0000000 286044.89735 7394459.3923 -2161.977752 2178.9777519 5.7973454152 -2.207682470 145.26764310 1.5700000892 1.8185432239 144.42999669
 2185.0000000 286045.00201 7394459.2477 -2167.975090 2184.9750900 5.9020115475 -2.352334956 144.67764674 1.8400000284 1.3528321356 143.84000034
 2196.0000000 286045.24192 7394458.9189 -2178.967517 2195.9675172 6.1419217095 -2.681088264 144.74765407 2.3999999814 1.5272886457 143.91000767
 2202.0000000 286045.40797 7394458.6973 -2184.961107 2201.9611073 6.3079673383 -2.902692113 143.36764915 2.8900001003 2.4704290368 142.53000275
 2208.0000000 286045.60752 7394458.4427 -2190.952372 2207.9523723 6.5075239362 -3.157261714 142.19765095 3.2899998838 2.0246026840 141.36000454
 2212.0000000 286045.76218 7394458.2551 -2194.944969 2211.9449686 6.6621800739 -3.344906211 140.57765579 3.6800000569 3.0165154551 139.74000938
 2217.0000000 286045.98997 7394458.0009 -2199.933292 2216.9332922 6.8899726339 -3.599090149 137.54765692 4.1499998878 3.0801358056 136.71001052
 2222.0000000 286046.25363 7394457.7301 -2204.918982 2221.9189816 7.1536277781 -3.869895248 135.73764405 4.5199997729 2.3666382709 134.89999765
 2232.0000000 286046.89282 7394457.1276 -2214.880197 2231.8801971 7.7928158843 -4.472367488 132.84764458 5.5599998075 3.2106480292 132.00999818
 2241.0000000 286047.61268 7394456.5137 -2223.830236 2240.8302360 8.5126769355 -5.086254399 129.96765488 6.5100001470 3.3226459938 129.13000848
 2252.0000000 286048.66894 7394455.6711 -2234.746791 2251.7467915 9.5689444806 -5.928882455 128.94765058 7.6000001546 2.9921814514 128.11000418
 2263.0000000 286049.91370 7394454.7064 -2245.633290 2262.6332898 10.813697204 -6.893591843 128.32764782 8.8599993017 3.4448259288 127.49000141
 2272.0000000 286051.07073 7394453.8248 -2254.514905 2271.5149047 11.970731405 -7.775232508 127.97764933 9.7400000206 2.9393750543 127.14000293
 2281.0000000 286052.36306 7394452.8682 -2263.370025 2280.3700251 13.263058209 -8.731792929 126.77765235 10.840000279 3.7354422506 125.94000595
 2292.0000000 286054.16885 7394451.6106 -2274.147441 2291.1474409 15.068852745 -9.989362597 124.72764924 12.239999521 3.9780412452 123.89000284
 2299.0000000 286055.45140 7394450.7696 -2280.977342 2297.9773421 16.351401188 -10.83040343 123.49765348 13.069999840 3.7397215775 122.66000708
 2311.0000000 286057.87055 7394449.2641 -2292.633967 2309.6339671 18.770553395 -12.33591963 122.03764673 14.399999035 3.4358248393 121.20000032
 2319.0000000 286059.64693 7394448.2198 -2300.363997 2317.3639966 20.546928319 -13.38020049 120.58764974 15.449998893 4.1788383265 119.75000333
 2329.0000000 286062.06388 7394446.8716 -2309.973321 2326.9733206 22.963876724 -14.72841780 119.43764818 16.679999849 3.8113339141 118.60000177
 2349.0000000 286067.61619 7394444.0842 -2328.981737 2345.9817368 28.516193747 -17.51579804 115.82764747 19.530000441 4.5923312951 114.99000106
 2357.0000000 286070.11749 7394442.9488 -2336.495363 2353.4953628 31.017489745 -18.65124126 114.70765232 20.629998992 4.3695940559 113.87000592
 2368.0000000 286073.78916 7394441.3901 -2346.746644 2363.7466445 34.689161088 -20.20985768 113.01764983 21.889999846 3.8208910734 112.18000343
 2378.0000000 286077.34840 7394440.0014 -2355.988054 2372.9880545 38.248404263 -21.59859774 111.32764734 23.030001108 3.9300920249 110.49000094
 2403.0000000 286087.22675 7394436.8530 -2378.732785 2395.7327846 48.126754006 -24.74695075 106.00764750 26.020000087 4.4572600946 105.17000110
 2417.0000000 286093.36788 7394435.3960 -2391.228856 2408.2288564 54.267884962 -26.20395510 102.45765198 27.589999322 4.8035610824 101.62000557
 2433.0000000 286100.84724 7394434.1435 -2405.316837 2422.3168367 61.747236163 -27.45652510 98.327646981 29.020001878 4.5452093128 97.490000577
 2450.0000000 286109.23792 7394433.3856 -2420.081438 2437.0814378 70.137923904 -28.21435413 93.767649295 30.429998809 4.7007569217 92.930002891
 2466.0000000 286117.52742 7394433.2221 -2433.765094 2450.7650940 78.427416256 -28.37785424 90.247652554 32.009999149 4.5243549950 89.410006150
 2482.0000000 286126.14101 7394433.5923 -2447.243170 2464.2431700 87.041007691 -28.00774464 86.567652147 33.220001311 4.3555544060 85.730005743
 2495.0000000 286133.33107 7394434.2482 -2458.054312 2475.0543125 94.231072207 -27.35181307 84.707651485 34.250000669 3.3660761006 83.870005080
 2503.0000000 286137.84812 7394434.7724 -2464.636628 2481.6366285 98.748115542 -26.82759763 83.737650237 35.019998629 3.5512059353 82.900003833
 2521.0000000 286148.20077 7394436.2284 -2479.290023 2496.2900225 109.10077293 -25.37159007 81.947649272 35.990001605 2.3696041946 81.110002867
 2531.0000000 286154.01183 7394437.2136 -2487.369039 2504.3690387 114.91182831 -24.38641790 80.487650147 36.230000792 2.6797736093 79.650003742
 2547.0000000 286163.42647 7394439.0825 -2500.170789 2517.1707887 124.32647375 -22.51753868 78.757646742 37.489999939 3.0604585894 77.920000337
 2571.0000000 286177.80869 7394442.5171 -2519.075030 2536.0750303 138.70869185 -19.08292271 76.087648498 38.580002508 2.4665493895 75.250002094
 2582.0000000 286184.47843 7394444.2749 -2527.644713 2544.6447134 145.37842600 -17.32505069 76.057649718 39.070000279 1.3373415552 75.220003314
 2591.0000000 286189.96882 7394445.7989 -2534.611898 2551.6118981 150.86881832 -15.80106835 74.597650593 39.479999459 3.3702551064 73.760004189
 2600.0000000 286195.46037 7394447.4650 -2541.545625 2558.5456253 156.36037016 -14.13504183 73.327646285 39.740000855 2.8346978255 72.489999881
 2612.0000000 286202.77723 7394449.8982 -2550.741122 2567.7411222 163.67722975 -11.70184117 71.567651729 40.219999230 3.0711164759 70.730005325
 2621.0000000 286208.22928 7394451.8721 -2557.625021 2574.6250211 169.12928254 -9.727850341 70.297647422 39.990002855 2.8327556657 69.460001017
 2634.0000000 286216.04369 7394454.9122 -2567.560425 2584.5604246 176.94368813 -6.687814087 68.867647077 40.330002841 2.2682297573 68.030000672
 2649.0000000 286225.07666 7394458.6089 -2578.952051 2595.9520513 185.97665508 -2.991136848 68.297647366 40.839999406 1.2611177363 67.460000962
 2665.0000000 286234.81700 7394462.7322 -2590.958355 2607.9583549 195.71699571 1.1322093382 67.497651921 41.909999766 2.2378357152 66.660005517
 2677.0000000 286242.20212 7394465.9845 -2599.840994 2616.8409940 203.10211720 4.3844753634 66.647645794 42.589999739 2.2206549352 65.809999390
 2694.0000000 286252.46072 7394470.7458 -2612.533628 2629.5336282 213.36071772 9.1458024262 65.207650942 40.810001215 3.5669947641 64.370004538
 2713.0000000 286263.24073 7394476.2286 -2627.185977 2644.1859770 224.14073060 14.628621291 62.477647509 38.270000712 4.8587255400 61.640001105
 2723.0000000 286268.64695 7394479.1919 -2635.060194 2652.0601941 229.54694698 17.591900018 61.737649625 37.839999323 1.8806061913 60.900003221
 2733.0000000 286273.97452 7394482.1608 -2642.985724 2659.9857241 234.87451665 20.560819015 61.677648250 37.310000549 1.5937805513 60.840001846
 2748.0000000 286281.77384 7394486.6741 -2654.978117 2671.9781166 242.67384234 25.074075475 59.867646826 36.529999776 2.6760955593 59.030000422
 2764.0000000 286289.82364 7394491.6128 -2667.894488 2684.8944884 250.72363540 30.012820404 58.737649541 35.810002215 1.8400916369 57.900003137
 2780.0000000 286297.59031 7394496.6797 -2680.933668 2697.9336680 258.49030521 35.079737619 56.677648111 35.029998026 2.6738077100 55.840001706
 2791.0000000 286302.74501 7394500.2793 -2689.960443 2706.9604425 263.64500659 38.679267402 55.137647152 34.679998643 2.5830736685 54.300000748
 2806.0000000 286309.57646 7394505.2958 -2702.337238 2719.3372379 270.47646429 43.695772201 53.947648493 34.119998263 1.7499296103 53.110002088
 2820.0000000 286315.76036 7394510.0581 -2713.960289 2730.9602885 276.66036073 48.458103562 52.517648148 33.639999889 1.9939091973 51.680001743
 2836.0000000 286322.56657 7394515.6504 -2727.317541 2744.3175413 283.46656847 54.050411412 50.327649460 33.169997497 2.4262637637 49.490003056
 2847.0000000 286327.06953 7394519.6186 -2736.536326 2753.5363257 287.96952918 58.018560191 48.567647275 32.959999915 2.6806471160 47.730000870
 2862.0000000 286333.04441 7394525.1433 -2749.137811 2766.1378115 293.94441354 63.543335075 47.587647705 32.740002937 1.1506199046 46.750001301
 2876.0000000 286338.51312 7394530.4035 -2760.903896 2777.9038959 299.41311745 68.803462565 46.317647212 32.890000722 1.5094148655 45.480000808
 2894.0000000 286345.43520 7394537.2917 -2776.025631 2793.0256306 306.33520364 75.691709639 45.637646888 32.810002131 0.6290568043 44.800000484
 2905.0000000 286349.50521 7394541.5836 -2785.300285 2802.3002853 310.40520977 79.983568132 42.977646967 32.249998336 4.1890288803 42.140000562
 2927.0000000 286357.21801 7394550.3057 -2803.967656 2820.9676561 318.11800692 88.705725558 41.657647235 31.650000368 1.2556328925 40.820000831
 2946.0000000 286363.75634 7394557.8062 -2820.154836 2837.1548362 324.65634451 96.206184824 42.177647707 31.499999169 0.4908363397 41.340001303
 2963.0000000 286369.60737 7394564.5313 -2834.631113 2851.6311135 330.50737056 102.93133849 41.547646622 31.739998356 0.7204989525 40.710000217
 2977.0000000 286374.38710 7394570.1197 -2846.545044 2863.5450437 335.28709939 108.51971369 41.207646460 31.620002178 0.4610002067 40.370000055
 3006.0000000 286384.29101 7394581.6646 -2871.237210 2888.2372097 345.19101392 120.06456636 41.717648610 31.639997556 0.2774555975 40.880002206
 3036.0000000 286394.55133 7394593.5743 -2896.790400 2913.7904002 355.45132508 131.97425587 41.447648145 31.549999569 0.1676588113 40.610001740
 3062.0000000 286403.36289 7394603.9572 -2918.940106 2935.9401057 364.26288783 142.35721974 40.867646297 31.609999366 0.3572407514 40.029999893
 3077.0000000 286408.40529 7394610.0126 -2931.704353 2948.7043532 369.30529216 148.41262619 40.377648420 31.760000565 0.5957834568 39.540002016
 3102.0000000 286416.91382 7394620.1161 -2952.931121 2969.9311214 377.81381820 158.51607762 41.497647383 32.019998546 0.7755343917 40.660000979
 3121.0000000 286423.66222 7394627.6428 -2969.019173 2986.0191730 384.56222243 166.04277393 43.927647756 32.270000545 2.0791373454 43.090001352
 3137.0000000 286429.61262 7394633.8404 -2982.517373 2999.5173734 390.51261917 172.24037808 45.407647339 32.679999726 1.6765622573 44.570000935
 3151.0000000 286434.96794 7394639.2105 -2994.286003 3011.2860028 395.86793725 177.61045739 46.107648122 32.909999516 0.9502498618 45.270001718
 3165.0000000 286440.43815 7394644.4550 -3006.058202 3023.0582023 401.33814726 182.85501118 47.987649242 32.629999326 2.2614967264 47.150002838
 3181.0000000 286446.83655 7394650.2115 -3019.546758 3036.5467583 407.73655149 188.61153032 49.737649291 32.449999935 1.7968711951 48.900002887
 3194.0000000 286452.16526 7394654.7193 -3030.514746 3047.5147456 413.06525787 193.11933541 51.477647203 32.490000938 2.1576047841 50.640000799
 3209.0000000 286458.54121 7394659.7496 -3043.126464 3060.1264641 419.44121063 198.14960290 53.637647111 33.070000112 2.6106055883 52.800000706
 3223.0000000 286464.75347 7394664.2760 -3054.828181 3071.8281809 425.65346532 202.67602481 55.867646715 33.529999692 2.8024479433 55.030000311
 3239.0000000 286472.08738 7394669.1568 -3068.184927 3085.1849268 432.98737589 207.55681544 58.527646636 33.290000505 2.7826880613 57.690000232
 3251.0000000 286477.71640 7394672.5160 -3078.236496 3095.2364961 438.61639986 210.91597217 61.507646261 32.939997706 4.1627223931 60.669999857
 3266.0000000 286484.90809 7394676.2731 -3090.852506 3107.8525061 445.80808927 214.67309906 65.017648495 32.569999529 3.8691079675 64.180002091
 3281.0000000 286492.19770 7394679.6759 -3103.513439 3120.5134390 453.09769989 218.07586507 66.617647014 32.289999339 1.8050683417 65.780000610
 3310.0000000 286506.37285 7394686.0270 -3128.004366 3145.0043663 467.27285398 224.42703018 66.787645188 32.470002144 0.2086711815 65.949998783
 3320.0000000 286511.29260 7394688.2164 -3136.431236 3153.4312364 472.19259999 226.61638870 66.907647938 32.679999726 0.6591361023 66.070001533
 3330.0000000 286516.21014 7394690.4053 -3144.859515 3161.8595147 477.11013894 228.80527461 66.777650681 32.439997123 0.7499754222 65.940004276
 3360.0000000 286530.84748 7394697.0341 -3170.195026 3187.1950264 491.74747987 235.43411067 66.167650053 32.320000945 0.3480150919 65.330003649
 3388.0000000 286544.41484 7394703.1733 -3193.907972 3210.9079716 505.31483626 241.57332037 66.817651597 31.930000558 0.5583463202 65.980005193
 3415.0000000 286557.43809 7394708.9825 -3216.836427 3233.8364271 518.33809093 247.38251468 66.777650681 31.820000362 0.1244555131 65.940004276
 3446.0000000 286572.39907 7394715.6279 -3243.163129 3260.1631287 533.29906750 254.02785919 66.997651907 31.920001161 0.1483302321 66.160005503
 3475.0000000 286586.35574 7394721.9972 -3267.774274 3284.7742742 547.25573538 260.39716820 65.617646986 31.949999352 0.7557583632 64.780000582
 3505.0000000 286600.68699 7394728.8067 -3293.236532 3310.2365321 561.58698817 267.20667915 65.227647586 31.899998952 0.2122093438 64.390001181
 3533.0000000 286614.04953 7394735.1903 -3317.001284 3334.0012842 574.94952741 273.59026708 65.377649116 31.949999352 0.1004633947 64.540002712
 3561.0000000 286627.39807 7394741.5886 -3340.769922 3357.7699219 588.29807123 279.98860997 65.077646056 31.870000762 0.1903001395 64.239999651
 3591.0000000 286641.71092 7394748.3741 -3366.248864 3383.2488641 602.61092226 286.77413057 65.867646993 31.860001365 0.4171744833 65.030000589
 3621.0000000 286656.08008 7394755.0929 -3391.713866 3408.7138655 616.98008053 293.49292279 65.687646683 31.969998146 0.1454459018 64.850000279
 3633.0000000 286661.80618 7394757.7929 -3401.908706 3418.9087064 622.70618289 296.19286189 65.497651866 31.700000768 0.7199911431 64.660005461
