# WELL TRACE FROM PETREL 
# WELL NAME:              9-PPT-8DA-RJS
# DEFINITIVE SURVEY:      Explicit survey 1
# WELL HEAD X-COORDINATE: 291375.89400000 (m)
# WELL HEAD Y-COORDINATE: 7399083.77100000 (m)
# WELL DATUM (KB, Kelly bushing, from MSL): 12.00000000 (m)
# WELL TYPE:              OIL
# MD AND TVD ARE REFERENCED (=0) AT WELL DATUM AND INCREASE DOWNWARDS
# ANGLES ARE GIVEN IN DEGREES
# XYZ TRACE IS GIVEN IN COORDINATE SYSTEM BRAZIL SIRGAS 2000 (WGS84) UTM24S CM 39W (Brazil SIRGAS 2000 (WGS84) UTM24S Lon range 42W - 36W) [Chevron,720787]
# AZIM_TN: azimuth in True North 
# AZIM_GN: azimuth in Grid North 
# DX DY ARE GIVEN IN GRID NORTH IN m-UNITS
# DEPTH (Z, tvd_z) GIVEN IN m-UNITS
#===============================================================================================================================================
      MD            X            Y            Z           TVD           DX          DY        AZIM_TN        INCL         DLS        AZIM_GN
#===============================================================================================================================================
 0.0000000000 291375.89400 7399083.7710 12.000000000 0.0000000000 -0.000000000 0.0000000000 0.8151487423 0.0000000000 0.0000000000 360.00000000
 1354.0000000 291375.89400 7399083.7710 -1342.000000 1354.0000000 -0.000000000 0.0000000000 0.8151487423 0.0000000000 0.0000000000 360.00000000
 1368.0000000 291375.95951 7399083.9513 -1355.998248 1367.9982481 0.0655139974 0.1802918976 20.785148611 1.5700000892 3.3642859055 19.969999869
 1381.0000000 291376.09158 7399084.2156 -1368.994826 1380.9948258 0.1975769735 0.4445963632 37.135149448 1.0599998957 1.4497716204 36.320000705
 1394.0000000 291376.16717 7399084.4225 -1381.992901 1393.9929010 0.2731677411 0.6514631826 3.0851487864 0.9699999871 1.3858409723 2.2700000440
 1440.0000000 291376.46381 7399085.1468 -1427.985976 1439.9859758 0.5698130640 1.3758447794 40.805151534 1.0900000076 0.4405374618 39.990002791
 1469.0000000 291376.82467 7399085.5775 -1456.980533 1468.9805333 0.9306673959 1.8065126725 40.745150159 1.1299999432 0.0413967048 39.930001416
 1498.0000000 291377.15178 7399085.9834 -1485.975834 1497.9758341 1.2577834231 2.2123599146 38.395151619 0.9300000515 0.2114179942 37.580002877
 1528.0000000 291377.43587 7399086.3659 -1515.972050 1527.9720505 1.5418667489 2.5948507944 36.395151563 0.8899999558 0.0510719879 35.580002821
 1556.0000000 291377.67993 7399086.6959 -1543.969038 1555.9690384 1.7859343092 2.9248956293 38.315149786 0.7900000099 0.1112914562 37.500001043
 1585.0000000 291377.90701 7399087.0155 -1572.966388 1584.9663877 2.0130105987 3.2444639429 34.025148751 0.7600000048 0.0675525408 33.210000009
 1614.0000000 291378.12867 7399087.3200 -1601.963940 1613.9639400 2.2346663862 3.5489702802 39.825148149 0.7299999997 0.0839146339 39.009999407
 1642.0000000 291378.33570 7399087.6010 -1629.961763 1641.9617628 2.4416951882 3.8300188491 34.445150746 0.6999999946 0.0787476261 33.630002004
 1670.0000000 291378.54670 7399087.8689 -1657.959682 1669.9596820 2.6527039673 4.0979225356 43.635149629 0.6999999946 0.1201649223 42.820000886
 1699.0000000 291378.73548 7399088.1259 -1686.957914 1698.9579136 2.8414786332 4.3549257545 29.095150216 0.5699999902 0.2131557681 28.280001474
 1728.0000000 291378.88148 7399088.3529 -1715.956653 1727.9566534 2.9874825052 4.5819033375 38.665148270 0.4999999961 0.1171860835 37.849999527
 1756.0000000 291379.04891 7399088.5503 -1743.955456 1755.9554555 3.1549116772 4.7792824283 43.315149925 0.5600000063 0.0790477855 42.500001183
 1785.0000000 291379.24089 7399088.7913 -1772.953813 1784.9538128 3.3468885403 5.0203349832 35.985147890 0.6600000056 0.1310191331 35.169999148
 1814.0000000 291379.41285 7399089.0507 -1801.952140 1813.9521402 3.5188535260 5.2796725873 32.485149700 0.5699999902 0.1008465527 31.670000958
 1843.0000000 291379.59893 7399089.2921 -1830.950532 1842.9505321 3.7049275952 5.5210615443 43.745150242 0.6399999844 0.1423810514 42.930001500
 1871.0000000 291379.78933 7399089.5053 -1858.949069 1870.9490688 3.8953274495 5.7342679463 41.175150476 0.5299999479 0.1211346042 40.360001733
 1899.0000000 291379.95112 7399089.7253 -1886.947734 1898.9477341 4.0571165403 5.9542772267 33.525148737 0.5899999581 0.1025779965 32.709999995
 1928.0000000 291380.11324 7399089.9478 -1915.946423 1927.9464227 4.2192438054 6.1768002771 40.865149094 0.4999999961 0.1176521572 40.050000351
 1957.0000000 291380.29815 7399090.1523 -1944.945109 1956.9451088 4.4041457224 6.3813466374 44.675150573 0.5899999581 0.1003177473 43.860001831
 1985.0000000 291380.47133 7399090.3541 -1972.943842 1984.9438423 4.5773279725 6.5830826964 37.665148242 0.4999999961 0.1198381865 36.849999499
 2014.0000000 291380.64378 7399090.5625 -2001.942578 2013.9425780 4.7497776255 6.7915467005 42.825148233 0.5699999902 0.0878390857 42.009999490
 2043.0000000 291380.80364 7399090.7966 -2030.941185 2042.9411850 4.9096407897 7.0255557597 27.345150167 0.5600000063 0.1577647616 26.530001425
 2071.0000000 291380.95085 7399091.0285 -2058.939833 2070.9398330 5.0568506885 7.2575063817 38.985147973 0.5699999902 0.1232306097 38.169999231
 2100.0000000 291381.12086 7399091.2521 -2087.938472 2099.9384723 5.2268648025 7.4811212849 37.085150209 0.5400000385 0.0364048699 36.270001467
 2128.0000000 291381.29019 7399091.4915 -2115.936932 2127.9369322 5.3961942556 7.7204996888 35.275148786 0.6600000056 0.1301493449 34.460000043
 2157.0000000 291381.48047 7399091.7753 -2144.934920 2156.9349196 5.5864687121 8.0042827893 34.065149668 0.6900000107 0.0343580223 33.250000925
 2180.0000000 291381.63341 7399092.0110 -2167.933203 2179.9332030 5.7394076869 8.2400486469 33.515150415 0.7099999785 0.0275195353 32.700001673
 2206.0000000 291381.77334 7399092.3108 -2193.931087 2205.9310867 5.8793382883 8.5397726381 18.675149850 0.7600000048 0.2263861953 17.860001107
 2224.0000000 291381.77313 7399092.5577 -2211.929340 2223.9293404 5.8791275905 8.7866618279 345.36514612 0.8799999718 0.8064645060 344.54999738
 2234.0000000 291381.71454 7399092.6838 -2221.928360 2233.9283600 5.8205419508 8.9128190931 324.63516508 0.7399999836 0.9670678244 323.82001634
 2253.0000000 291381.46032 7399092.8457 -2240.925853 2252.9258534 5.5663185782 9.0747450367 289.89514336 1.1599999483 1.0966602683 289.07999462
 2268.0000000 291381.05852 7399092.9168 -2255.920149 2267.9201489 5.1645193914 9.1458017612 275.55514662 1.9799999100 1.8060891837 274.73999788
 2282.0000000 291380.46875 7399092.9160 -2269.907566 2281.9075661 4.5747461877 9.1450123694 267.40515250 2.8599997751 2.0201121061 266.59000376
 2298.0000000 291379.50857 7399092.7764 -2285.877760 2297.8777598 3.6145710385 9.0053636432 259.15515227 4.1100001656 2.5194166801 258.34000353
 2311.0000000 291378.49207 7399092.4959 -2298.834685 2310.8346845 2.5980747415 8.7248523477 252.41516185 5.2099999970 2.8313530008 251.60001310
 2326.0000000 291377.06811 7399091.8791 -2313.753638 2325.7536381 1.1741109181 8.1081438661 243.49514817 6.6999997880 3.4994146142 242.67999943
 2340.0000000 291375.50835 7399090.9639 -2327.635897 2339.6358969 -0.385647695 7.1928646229 237.87515290 8.1599996807 3.4911350143 237.06000416
 2355.0000000 291373.60082 7399089.6390 -2342.454570 2354.4545700 -2.293180467 5.8679842297 234.47515891 9.6599997224 3.1782260912 233.66001016
 2369.0000000 291371.58261 7399088.1374 -2356.226442 2368.2264417 -4.311385158 4.3664472988 233.89515706 11.040000171 2.9655252240 233.08000832
 2384.0000000 291369.14006 7399086.2667 -2370.907120 2382.9071203 -6.753940770 2.4957433660 232.90515154 12.629999907 3.2057084710 232.09000280
 2397.0000000 291366.76418 7399084.4263 -2383.554699 2395.5546991 -9.129816406 0.6553187948 233.18515033 14.100000051 3.3955847620 232.37000158
 2411.0000000 291363.94031 7399082.2390 -2397.091158 2409.0911577 -11.95368732 -1.531993147 232.93515032 15.459999998 2.9174816574 232.12000158
 2426.0000000 291360.62594 7399079.6607 -2411.491077 2423.4910771 -15.26805851 -4.110303085 232.93515032 17.049999735 3.1799994738 232.12000158
 2442.0000000 291356.72910 7399076.6515 -2426.714291 2438.7142906 -19.16490293 -7.119503176 233.32514972 18.790000671 3.2702332782 232.51000098
 2456.0000000 291353.01878 7399073.8055 -2439.910108 2451.9101083 -22.87521535 -9.965497469 233.32514972 20.229999208 3.0857111516 232.51000098
 2472.0000000 291348.48479 7399070.2819 -2454.843929 2466.8439295 -27.40921488 -13.48911392 232.62515275 21.830000050 3.0366986333 231.81000401
 2483.0000000 291345.17844 7399067.6757 -2465.006373 2477.0063732 -30.71555607 -16.09530067 232.51515214 23.169999495 3.6563452593 231.70000340
 2497.0000000 291340.73819 7399064.1509 -2477.807085 2489.8070850 -35.15580808 -19.62014965 232.23515335 24.600000343 3.0738946014 231.42000461
 2511.0000000 291336.05540 7399060.4064 -2490.458126 2502.4581265 -39.83859619 -23.36463846 232.10514846 26.109999782 3.2379096386 231.28999972
 2527.0000000 291330.42919 7399055.9096 -2504.745494 2516.7454941 -45.46481357 -27.86135161 232.25515762 27.389999430 2.4033342098 231.44000888
 2542.0000000 291324.96633 7399051.5510 -2518.018385 2530.0183853 -50.92766969 -32.22000001 232.20515457 28.139998597 1.5007215024 231.39000583
 2556.0000000 291319.70585 7399047.3700 -2530.300601 2542.3006008 -56.18814897 -36.40104241 232.46514909 29.220000062 2.3296780537 231.65000034
 2569.0000000 291314.63075 7399043.3708 -2541.581363 2553.5813625 -61.26325435 -40.40021914 232.68515031 30.379998409 2.6887795727 231.87000157
 2583.0000000 291308.97021 7399038.8711 -2553.569460 2565.5694605 -66.92379176 -44.89993552 231.99514785 31.809997550 3.1579537019 231.17999911
 2598.0000000 291302.71245 7399033.8012 -2566.224284 2578.2242840 -73.18155391 -49.96980400 231.61515822 33.129999909 2.6713343643 230.80000947
 2616.0000000 291294.90672 7399027.4304 -2581.140189 2593.1401888 -80.98727524 -56.34064195 231.57514967 34.940000039 3.0168975925 230.76000093
 2628.0000000 291289.46626 7399023.0737 -2590.908908 2602.9089079 -86.42774414 -60.69732743 232.66516130 36.070000196 3.2380121336 231.85001256
 2644.0000000 291281.94255 7399017.0809 -2603.695039 2615.6950392 -93.95144910 -66.69005489 231.90515151 37.829999926 3.4093102675 231.09000277
 2657.0000000 291275.64859 7399011.9756 -2613.860197 2625.8601972 -100.2454129 -71.79539148 231.63516249 39.290000672 3.3915352435 230.82001375
 2672.0000000 291268.16322 7399005.8728 -2625.337874 2637.3378737 -107.7307803 -77.89817077 231.61515822 40.860001615 3.1401074909 230.80000947
 2686.0000000 291260.93992 7398999.9997 -2635.794521 2647.7945213 -114.9540849 -83.77125058 231.78515639 42.490002355 3.5012440770 230.97000765
 2699.0000000 291254.00438 7398994.3998 -2645.257602 2657.2576024 -121.8896221 -89.37120133 232.00515762 44.080002092 3.6856997189 231.19000887
 2714.0000000 291245.75545 7398987.7410 -2655.870265 2667.8702647 -130.1385541 -96.02999962 231.80516066 45.849997804 3.5512552154 230.99001192
 2729.0000000 291237.25460 7398980.8932 -2666.159090 2678.1590902 -138.6394047 -102.8777852 232.11515823 47.529998943 3.3901460336 231.30000949
 2741.0000000 291230.28181 7398975.2908 -2674.159650 2686.1596504 -145.6121876 -108.4802089 231.95515456 48.839998490 3.2885383295 231.14000582
 2757.0000000 291220.77871 7398967.6627 -2684.529272 2696.5292717 -155.1152941 -116.1083050 232.16516128 50.359999034 2.8657299639 231.35001254
 2771.0000000 291212.26810 7398960.8652 -2693.326234 2705.3262338 -163.6258957 -122.9057990 232.23515335 51.779998777 3.0450922790 231.42000461
 2785.0000000 291203.58356 7398953.9486 -2701.856447 2713.8564470 -172.3104439 -129.8223734 232.32514969 53.139998724 2.9182941434 231.51000095
 2800.0000000 291194.09958 7398946.4238 -2710.714279 2722.7142790 -181.7944150 -137.3472365 232.44516007 54.470000480 2.6670458977 231.63001133
 2816.0000000 291183.87734 7398938.3449 -2720.003254 2732.0032535 -192.0166589 -145.4260765 232.54515092 54.549999071 0.2140133955 231.73000218
 2829.0000000 291175.56701 7398931.7795 -2727.544078 2739.5440783 -200.3269923 -151.9915473 232.46514909 54.539999674 0.1521459236 231.65000034
 2858.0000000 291157.01823 7398917.1489 -2744.367986 2756.3679858 -218.8757654 -166.6221176 232.63516252 54.539999674 0.1432546003 231.82001378
 2887.0000000 291138.45221 7398902.5047 -2761.160955 2773.1609546 -237.4417910 -181.2663397 232.46514909 54.689997458 0.2112767514 231.65000034
 2916.0000000 291119.85908 7398887.8523 -2777.916774 2789.9167738 -256.0349249 -195.9187416 232.68515031 54.720002479 0.1883296502 231.87000157
 2945.0000000 291101.27688 7398873.1742 -2794.662284 2806.6622839 -274.6171232 -210.5967505 232.33515946 54.740001273 0.2963228125 231.52001072
 2974.0000000 291082.71846 7398858.4755 -2811.416034 2823.4160339 -293.1755371 -225.2954720 232.53515641 54.680001476 0.1799195919 231.72000767
 3002.0000000 291064.83754 7398844.2524 -2827.606070 2839.6060697 -311.0564603 -239.5186253 232.09515396 54.669998664 0.3847827872 231.28000522
 3030.0000000 291046.91647 7398830.0687 -2843.786225 2855.7862249 -328.9775278 -253.7022951 232.81515520 54.729998461 0.6328649530 232.00000646
 3059.0000000 291028.27431 7398815.4645 -2860.529641 2872.5296413 -347.6196948 -268.3065284 232.66516130 54.740001273 0.1271135079 231.85001256
 3088.0000000 291009.68081 7398800.7960 -2877.271001 2889.2710008 -366.2131857 -282.9750193 232.42515580 54.740001273 0.2027319735 231.61000706
 3116.0000000 290991.75015 7398786.5945 -2893.425078 2905.4250783 -384.1438486 -297.1765370 232.44516007 54.790001673 0.0563597304 231.63001133
 3146.0000000 290972.56666 7398771.3434 -2910.733034 2922.7330338 -403.3273434 -312.4276063 232.21514908 54.740001273 0.1944110042 231.40000034
 3176.0000000 290953.44643 7398756.0251 -2928.051676 2940.0516763 -422.4475737 -327.7458501 232.01515212 54.740001273 0.1633056500 231.20000338
 3205.0000000 290934.94806 7398741.2369 -2944.793048 2956.7930485 -440.9459370 -342.5341041 232.33515946 54.740001273 0.2703092467 231.52001072
 3235.0000000 290915.77602 7398726.0249 -2962.147998 2974.1479984 -460.1179828 -357.7461135 232.43515030 54.569997864 0.1885558902 231.62000156
 3264.0000000 290897.29913 7398711.2802 -2978.951328 2990.9513282 -478.5948748 -372.4908267 232.01515212 54.609998867 0.3565227931 231.20000338
 3292.0000000 290879.67467 7398696.7749 -2995.171671 3007.1716706 -496.2193275 -386.9960846 230.70515453 54.590000073 1.1442802361 229.89000579
 3320.0000000 290862.16487 7398682.1214 -3011.383612 3023.3836123 -513.7291255 -401.6495574 231.07514966 54.649999870 0.3295465877 230.26000091
 3349.0000000 290843.95372 7398667.0451 -3028.182781 3040.1827807 -531.9402816 -416.7259492 231.31515516 54.549999071 0.2272879622 230.50000641
 3379.0000000 290824.98643 7398651.6197 -3045.574187 3057.5741866 -550.9075683 -432.1512567 232.07514968 54.590000073 0.6205510876 231.26000094
 3407.0000000 290807.18225 7398637.3456 -3061.804016 3073.8040164 -568.7117466 -446.4253654 232.11515823 54.560001883 0.0474677847 231.30000949
 3436.0000000 290788.89340 7398622.6908 -3078.888294 3090.8882936 -587.0005992 -461.0801659 232.10514846 53.249998920 1.3552013055 231.28999972
 3465.0000000 290770.93692 7398608.3201 -3096.555875 3108.5558751 -604.9570831 -475.4508794 232.18515030 51.680001393 1.6254605316 231.37000156
 3494.0000000 290753.42895 7398594.3039 -3114.942509 3126.9425095 -622.4650500 -489.4670736 232.08515945 49.619999263 2.1325368318 231.27001071
 3522.0000000 290736.97705 7398581.1302 -3133.377862 3145.3778625 -638.9169540 -502.6407880 232.17515579 48.020000130 1.7158199539 231.36000705
 3552.0000000 290719.73011 7398567.5832 -3153.848431 3165.8484309 -656.1638927 -516.1878027 233.17515582 45.919996998 2.2235436844 232.36000708
 3581.0000000 290703.53871 7398555.1621 -3174.453011 3186.4530111 -672.3552874 -528.6088974 233.47515888 43.520001712 2.4923332536 232.66001014
 3610.0000000 290687.72006 7398543.1266 -3195.572234 3207.5722339 -688.1739376 -540.6444393 233.62515278 42.999998920 0.5483430474 232.81000404
 3640.0000000 290671.54619 7398530.6080 -3217.522083 3229.5220826 -704.3478138 -553.1630306 232.52516190 42.950001935 0.7514996001 231.71001316
 3667.0000000 290657.34568 7398518.9313 -3237.297137 3249.2971369 -718.5483153 -564.8396664 230.24514780 42.879999326 1.7266805670 229.42999906
 3696.0000000 290642.42284 7398506.0069 -3258.542709 3270.5427089 -733.4711591 -577.7640779 229.59515389 42.910000932 0.4587285989 228.78000515
 3725.0000000 290627.53457 7398493.0623 -3279.800273 3291.8002728 -748.3594328 -590.7087048 230.02516183 42.810000133 0.3197763546 229.21001309
 3747.0000000 290616.20273 7398483.2895 -3295.929278 3307.9292783 -759.6912748 -600.4815159 230.05516061 42.889998723 0.1125805489 229.24001187
