# WELL TRACE FROM PETREL 
# WELL NAME:              9-PPT-3DA-RJS
# DEFINITIVE SURVEY:      Explicit survey 1
# WELL HEAD X-COORDINATE: 292456.00000000 (m)
# WELL HEAD Y-COORDINATE: 7397352.00000000 (m)
# WELL DATUM (KB, Kelly bushing, from MSL): 14.00000000 (m)
# WELL TYPE:              OIL
# MD AND TVD ARE REFERENCED (=0) AT WELL DATUM AND INCREASE DOWNWARDS
# ANGLES ARE GIVEN IN DEGREES
# XYZ TRACE IS GIVEN IN COORDINATE SYSTEM BRAZIL SIRGAS 2000 (WGS84) UTM24S CM 39W (Brazil SIRGAS 2000 (WGS84) UTM24S Lon range 42W - 36W) [Chevron,720787]
# AZIM_TN: azimuth in True North 
# AZIM_GN: azimuth in Grid North 
# DX DY ARE GIVEN IN GRID NORTH IN m-UNITS
# DEPTH (Z, tvd_z) GIVEN IN m-UNITS
#===============================================================================================================================================
      MD            X            Y            Z           TVD           DX          DY        AZIM_TN        INCL         DLS        AZIM_GN
#===============================================================================================================================================
 0.0000000000 292456.00000 7397352.0000 14.000000000 0.0000000000 0.0000000001 0.0000000019 0.8115365540 0.0000000000 0.0000000000 0.0000000000
 1433.0000000 292456.00000 7397352.0000 -1419.000000 1433.0000000 0.0000000001 0.0000000019 0.8115365540 0.0000000000 0.0000000000 0.0000000000
 1480.0000000 292456.07424 7397351.9763 -1465.999914 1479.9999139 0.0742372308 -0.023734966 108.54154291 0.1900000012 0.1212765965 107.73000635
 1511.0000000 292456.18653 7397351.9190 -1496.999653 1510.9996530 0.1865349700 -0.080960166 124.09153876 0.2800000032 0.1059867416 123.28000221
 1538.0000000 292456.30767 7397351.8515 -1523.999296 1537.9992959 0.3076691934 -0.148535328 116.24154770 0.3100000083 0.0558523512 115.43001115
 1598.0000000 292456.58962 7397351.7254 -1583.998500 1597.9985003 0.5896241450 -0.274638984 113.43154243 0.2800000032 0.0166488479 112.62000588
 1656.0000000 292456.81911 7397351.6192 -1641.997946 1655.9979462 0.8191082150 -0.380836008 118.46153372 0.2199999930 0.0330162462 117.64999717
 1685.0000000 292456.91061 7397351.5761 -1670.997769 1684.9977692 0.9106141310 -0.423890939 113.01153662 0.1800000039 0.0457754123 112.20000007
 1740.0000000 292457.05847 7397351.5075 -1725.997527 1739.9975272 1.0584724178 -0.492512979 118.74154777 0.1599999961 0.0143050905 117.93001122
 1796.0000000 292457.19101 7397351.4452 -1781.997335 1795.9973354 1.1910079471 -0.554774531 112.81153967 0.1400000016 0.0135497703 112.00000312
 1828.0000000 292457.25567 7397351.4189 -1813.997259 1827.9972589 1.2556691350 -0.581119105 113.19153693 0.1099999965 0.0281355869 112.38000038
 1884.0000000 292457.31984 7397351.4008 -1869.997214 1883.9972139 1.3198431991 -0.599161707 81.281540014 0.0299999984 0.0460757725 80.470003460
 1914.0000000 292457.34748 7397351.3895 -1899.997197 1913.9971972 1.3474754168 -0.610505341 123.26152928 0.0900000020 0.0706098880 122.44999273
 1941.0000000 292457.38658 7397351.3779 -1926.997166 1940.9971655 1.3865800994 -0.622081249 91.341537853 0.0900000020 0.0549932062 90.530001299
 1971.0000000 292457.42585 7397351.3779 -1956.997139 1970.9971395 1.4258528997 -0.622099075 90.081535681 0.0599999969 0.0300434969 89.269999127
 1999.0000000 292457.46715 7397351.3745 -1984.997108 1998.9971079 1.4671504767 -0.625537273 98.561539274 0.1099999965 0.0550959192 97.750002720
 2029.0000000 292457.52317 7397351.3505 -2014.997045 2028.9970446 1.5231672697 -0.649510095 126.98153823 0.1299999910 0.0620225372 126.17000168
 2057.0000000 292457.59557 7397351.3175 -2042.996929 2056.9969288 1.5955709234 -0.682492445 107.74153983 0.1999999985 0.0946525275 106.93000328
 2116.0000000 292457.75811 7397351.2068 -2101.996591 2115.9965906 1.7581083265 -0.793160253 142.38154782 0.1999999985 0.0605507072 141.57001126
 2174.0000000 292457.90623 7397351.0482 -2159.996183 2173.9961831 1.9062282539 -0.951829713 133.78154147 0.2300000036 0.0227492730 132.97000492
 2236.0000000 292458.23099 7397350.3633 -2221.990783 2235.9907832 2.2309882351 -1.636668220 159.53154219 1.1900000602 0.4780185911 158.72000564
 2250.0000000 292458.31146 7397349.9851 -2235.985298 2249.9852982 2.3114585216 -2.014910756 174.30154687 1.9999999845 1.9325521421 173.49001032
 2264.0000000 292458.24619 7397349.3652 -2249.971032 2263.9710316 2.2461894921 -2.634769317 194.66154805 3.1800001141 3.1686647826 193.85001150
 2281.0000000 292457.78637 7397348.2896 -2266.929956 2280.9299558 1.7863652478 -3.710392468 210.13154970 4.7800003152 3.3759640710 209.32001315
 2295.0000000 292457.02648 7397347.1841 -2280.865037 2294.8650368 1.0264829522 -4.815856390 219.28154385 6.2500000316 3.6610282130 218.47000730
 2309.0000000 292455.91803 7397345.9278 -2294.764093 2308.7640926 -0.081965718 -6.072184905 224.69154767 7.5100004594 3.0333206295 223.88001111
 2325.0000000 292454.25714 7397344.3471 -2310.598459 2324.5984588 -1.742860179 -7.652927104 229.35153620 8.9799997490 3.0255092047 228.53999965
 2338.0000000 292452.55151 7397342.9534 -2323.410063 2337.4100627 -3.448489643 -9.046636807 233.44156317 10.539999588 3.9373668979 232.63002662
 2354.0000000 292449.98326 7397341.1265 -2339.095991 2353.0959911 -6.016741766 -10.87348063 237.07152238 12.189999121 3.3704906836 236.25998582
 2367.0000000 292447.55315 7397339.5834 -2351.773049 2365.7730493 -8.446850590 -12.41663749 239.60153649 13.399999576 3.0765135348 238.78999993
 2383.0000000 292444.14761 7397337.6419 -2367.284913 2381.2849134 -11.85238978 -14.35807177 242.49153596 14.970000519 3.2285148456 241.67999940
 2396.0000000 292441.03373 7397336.0437 -2379.804649 2393.8046495 -14.96626635 -15.95633772 244.70152747 16.270000669 3.2988299745 243.88999092
 2409.0000000 292437.59013 7397334.4066 -2392.232615 2406.2326147 -18.40987128 -17.59337868 246.01154033 17.839999904 3.7297674904 245.20000377
 2424.0000000 292433.19854 7397332.4124 -2406.435561 2420.4355613 -22.80145608 -19.58762221 246.73154157 19.670000536 3.6891023921 245.92000501
 2438.0000000 292428.71951 7397330.4369 -2419.551555 2433.5515555 -27.28048923 -21.56310720 247.27155013 21.260000273 3.4310449042 246.46001357
 2451.0000000 292424.25147 7397328.4827 -2431.602032 2445.6020325 -31.74853399 -23.51725195 247.11154646 22.799999610 3.5565392127 246.30000991
 2467.0000000 292418.41003 7397325.8997 -2446.271822 2460.2718224 -37.58997138 -26.10025572 246.81154340 24.249999252 2.7279962282 246.00000685
 2478.0000000 292414.21178 7397323.9910 -2456.258472 2470.2584716 -41.78821795 -28.00898701 245.93153849 25.319999612 3.0866825044 245.12000194
 2492.0000000 292408.66795 7397321.3699 -2468.844033 2482.8440331 -47.33205438 -30.63010835 245.10153664 26.629999159 2.9131570510 244.29000008
 2508.0000000 292402.07954 7397318.1505 -2483.064841 2497.0648411 -53.92045970 -33.84948353 244.45154272 27.919999912 2.4823612897 243.64000617
 2524.0000000 292395.23119 7397314.7058 -2497.108908 2511.1089078 -60.76880937 -37.29422859 243.78152928 29.330000258 2.7113530313 242.96999272
 2537.0000000 292389.48183 7397311.7293 -2508.382390 2522.3823900 -66.51817363 -40.27065604 243.11154635 30.400000618 2.5864400192 242.30000979
 2553.0000000 292382.20431 7397307.8314 -2522.088207 2536.0882067 -73.79568695 -44.16855608 242.18155365 31.719999562 2.6333723597 241.37001709
 2568.0000000 292375.15881 7397303.9009 -2534.733825 2548.7338251 -80.84119417 -48.09913943 241.15152432 33.349996887 3.4430156689 240.33998777
 2584.0000000 292367.39921 7397299.4059 -2547.984848 2561.9848479 -88.60079157 -52.59412648 240.32152247 34.820000445 2.8908974096 239.50998591
 2595.0000000 292361.93917 7397296.1545 -2556.963950 2570.9639505 -94.06082648 -55.84550520 239.76152489 35.749999003 2.6853867569 238.94998834
 2610.0000000 292354.34208 7397291.4883 -2569.027046 2583.0270465 -101.6579239 -60.51168234 238.76154012 37.180001558 3.0970965634 237.95000357
 2623.0000000 292347.62189 7397287.2178 -2579.303805 2593.3038048 -108.3781093 -64.78220450 238.00156085 38.349999303 2.9057433307 237.19002430
 2638.0000000 292339.70469 7397282.0236 -2590.937620 2604.9376205 -116.2953069 -69.97643270 237.10152116 39.929999643 3.3580024771 236.28998460
 2651.0000000 292332.67892 7397277.3353 -2600.820516 2614.8205159 -123.3210779 -74.66471401 237.09152665 41.099997387 2.7000363630 236.27999010
 2667.0000000 292323.78298 7397271.4479 -2612.745991 2626.7459914 -132.2170239 -80.55213520 237.53155962 42.520000546 2.7187138513 236.72002307
 2680.0000000 292316.36648 7397266.5742 -2622.246491 2636.2464908 -139.6335180 -85.42576895 237.47156206 43.569998697 2.4249147219 236.66002551
 2709.0000000 292299.52079 7397255.6561 -2643.177637 2657.1776366 -156.4792108 -96.34392359 238.25154560 44.029998277 0.7337099192 237.44000905
 2738.0000000 292282.50277 7397244.8540 -2664.029724 2678.0297239 -173.4972294 -107.1459849 238.56154317 44.019998880 0.2231084193 237.75000662
 2767.0000000 292265.41940 7397234.1625 -2684.885349 2698.8853487 -190.5805962 -117.8374638 238.98155661 44.009999483 0.3020853608 238.17002006
 2795.0000000 292248.84307 7397223.9687 -2705.020130 2719.0201296 -207.1569335 -128.0312969 239.46155235 44.029998277 0.3580200436 238.65001580
 2823.0000000 292232.19175 7397213.9594 -2725.185496 2739.1854961 -223.8082548 -138.0406334 240.14152979 43.830000093 0.5489948795 239.32999323
 2851.0000000 292215.41992 7397204.2097 -2745.378109 2759.3781085 -240.5800764 -147.7902558 241.14156033 43.869997680 0.7435102834 240.33002378
 2880.0000000 292197.93871 7397194.2810 -2766.281115 2780.2811148 -258.0612905 -157.7189541 241.29155423 43.889999889 0.1095257572 240.48001768
 2911.0000000 292179.33231 7397183.6963 -2788.706132 2802.7061321 -276.6676921 -168.3037157 241.06152798 43.439999706 0.4618098744 240.24999143
 2936.0000000 292164.37215 7397175.2219 -2806.857045 2820.8570446 -291.6278496 -176.7781222 241.50153043 43.449999103 0.3632831683 240.68999388
 2966.0000000 292146.32965 7397165.1981 -2828.630954 2842.6309543 -309.6703515 -186.8018942 242.01152496 43.480000709 0.3521108586 241.19998840
 2994.0000000 292129.43156 7397155.9409 -2848.949851 2862.9498513 -326.5684435 -196.0591036 242.18155365 43.470001312 0.1257993774 241.37001709
 3023.0000000 292111.90058 7397146.4223 -2870.001397 2884.0013965 -344.0994172 -205.5776746 242.44156342 43.439999706 0.1875825496 241.63002687
 3051.0000000 292094.97614 7397137.1620 -2890.296821 2904.2968206 -361.0238574 -214.8380273 241.81154326 43.650000702 0.5166083784 241.00000671
 3079.0000000 292078.16035 7397127.6345 -2910.558742 2924.5587417 -377.8396463 -224.3655158 240.74152065 43.639997890 0.7913346142 239.92998409
 3106.0000000 292062.10491 7397118.1638 -2930.093704 2944.0937038 -393.8950894 -233.8361825 239.81155846 43.669999496 0.7140702245 239.00002191
 3135.0000000 292045.02858 7397107.6664 -2951.053095 2965.0530954 -410.9714232 -244.3336393 238.65153951 43.770000296 0.8357942120 237.84000296
 3157.0000000 292032.14693 7397099.6029 -2966.962356 2980.9623560 -423.8530688 -252.3971355 238.88155050 43.599996887 0.3172903366 238.07001395
 3176.0000000 292020.98381 7397092.6842 -2980.694152 2994.6941523 -435.0161898 -259.3158027 239.16153403 43.839999490 0.4867812465 238.34999748
 3191.0000000 292012.15799 7397087.2428 -2991.535034 3005.5350337 -443.8420150 -264.7571862 239.15153952 43.599996887 0.4802039692 238.34000297
 3205.0000000 292003.92045 7397082.1711 -3001.656570 3015.6565698 -452.0795506 -269.8289169 239.23154136 43.799998487 0.4446395233 238.42000480
 3219.0000000 291995.65557 7397077.1271 -3011.769681 3025.7696808 -460.3444310 -274.8728803 239.60153649 43.700001102 0.5886495870 238.78999993
 3232.0000000 291987.96454 7397072.6500 -3021.246617 3035.2466172 -468.0354644 -279.3499788 241.63155058 42.699999936 3.9506582375 240.82001403
 3249.0000000 291977.87334 7397067.3778 -3033.870387 3047.8703871 -478.1266620 -284.6222175 244.86154640 41.409999183 4.4446853125 244.05000984
 3265.0000000 291968.28855 7397062.9122 -3045.879126 3059.8791256 -487.7114502 -289.0877962 246.80154889 41.319997780 2.4097079937 245.99001234
 3277.0000000 291960.97273 7397059.8484 -3054.884579 3068.8845785 -495.0272653 -292.1516195 249.37155629 41.430001392 4.2555293427 248.56001973
 3290.0000000 291952.90817 7397056.8397 -3064.627430 3078.6274301 -503.0918276 -295.1603386 251.33154780 41.490001189 2.9978194445 250.52001124
 3306.0000000 291942.89048 7397053.4107 -3076.623846 3090.6238458 -513.1095225 -298.5893346 252.50156126 41.369998180 1.4689503804 251.69002470
 3319.0000000 291934.71130 7397050.7429 -3086.370811 3100.3708112 -521.2886982 -301.2571396 252.99152099 41.490001189 0.7977788559 252.17998443
 3333.0000000 291925.87131 7397047.9140 -3096.852955 3110.8529547 -530.1286854 -304.0859995 253.14154541 41.549997570 0.2488810528 252.33000885
 3349.0000000 291915.75470 7397044.6863 -3108.822358 3122.8223585 -540.2453009 -307.3136691 253.09154235 41.599997970 0.1125169660 252.28000580
 3362.0000000 291907.52558 7397042.0514 -3118.536198 3132.5361975 -548.4744168 -309.9486399 253.02155029 41.699998770 0.2545147478 252.21001373
 3378.0000000 291897.40439 7397038.8037 -3130.496328 3144.4963277 -558.5956101 -313.1962663 253.02155029 41.549997570 0.2812522490 252.21001373
 3407.0000000 291879.08464 7397032.7926 -3152.160739 3166.1607385 -576.9153591 -319.2074255 252.27153501 41.779997360 0.5680139793 251.45999845
 3422.0000000 291869.60885 7397029.5722 -3163.335047 3177.3350473 -586.3911468 -322.4277819 251.81154354 41.909999766 0.6665385527 251.00000698
 3434.0000000 291862.05290 7397026.9888 -3172.293300 3186.2933004 -593.9470973 -325.0111632 252.06155880 41.509996568 1.0830351594 251.25002225
 3454.0000000 291849.29560 7397022.6835 -3187.083100 3201.0830996 -606.7043969 -329.3165064 252.26154050 43.109999116 2.4084807207 251.45000395
 3470.0000000 291838.81761 7397019.1448 -3198.646503 3212.6465029 -617.1823922 -332.8552312 252.04152401 44.330000676 2.3051999199 251.22998746
